0.296058532594
0.296058532594
0.296058532594
-1.1941886913
-0.585402259044
0.0415315659658
0.0415315659658
0.0415315659658
0.0415315659658
0.0415315659658
0.0415315659658
0.0415315659658
0.0415315659658
0.0415315659658
0.201217955549
0.201217955549
-2.8862130742
2.18094078706
1.32562277779
0.352224064657
-1.33893187068
-1.33893187068
-1.33893187068
0.36350028076
0.36350028076
0.36350028076
2.76548433821
2.76548433821
3.93000495209
2.79700288024
2.79700288024
-0.896348939118
-0.226066168834
-0.226066168834
1.84583262245
1.84583262245
2.51557205975
3.81137371838
0.668001481681
2.57823088841
-0.2414513668
-0.2414513668
-0.611482718018
-0.611482718018
-0.611482718018
-2.36833553531
-2.93763846688
-3.06964842727
-3.06964842727
-3.06964842727
-3.17650417065
-2.36889888159
-2.36889888159
1.50843465313
0.600561462879
-0.204956122152
-0.177238756769
-0.177238756769
1.27378470028
1.27378470028
0.240936145007
-1.53832666233
1.74409043552
-3.59967750877
-2.69059862526
-2.69059862526
-4.20589470859
-0.0545353601775
1.9344870189
1.9344870189
-0.473137152927
-0.473137152927
-0.917446951661
-0.917446951661
-0.917446951661
2.64966659939
1.30672026727
2.42905760689
-2.40581860962
1.59987796353
-2.03228075042
-3.22165779614
-2.74935955505
-2.74935955505
-2.74935955505
-7.63607616715
-3.13521860503
-2.01372703394
-2.01372703394
-0.439627951184
0.950422369435
0.0590179291477
-0.147922048786
0.702022003571
0.539973738788
0.539973738788
0.148412910931
2.97609606685
2.97609606685
9.38144675633
8.7016817971
8.7016817971
8.7016817971
8.7016817971
8.94271168631
6.21570250886
3.47831146824
3.47537732002
1.0974022759
0.745877569855
0.574431603461
-0.197289330211
-0.197289330211
-0.98414892584
-1.39371914547
-1.39371914547
-0.0895879986668
-0.0895879986668
-0.102729607066
-0.336650481862
-4.46222251134
-3.88636179724
-3.88636179724
-4.65804690822
-4.65804690822
-2.16015100308
-2.16015100308
0.988916114942
0.988916114942
1.71818325344
0.637507888699
0.637507888699
0.637507888699
-1.58496397635
1.70882214757
1.60692458008
1.60692458008
1.60692458008
1.60692458008
-1.39018338501
-1.39018338501
1.44927870097
1.29315455634
1.29315455634
1.29315455634
1.29315455634
1.29315455634
1.03091044994
-1.18011279193
-1.5862214489
-1.5862214489
-1.5862214489
-1.54874098425
3.14229464111
1.89843824402
1.7666245462
1.7666245462
1.52021216419
1.52021216419
-0.0951407996891
-0.0951407996891
-0.0951407996891
2.72458358059
0.344273233665
0.322283300136
0.322283300136
0.322283300136
-2.6356919496
-4.45476469743
-4.45476469743
-2.03349745266
-2.03349745266
1.27461361603
-0.560569951389
-0.560569951389
-0.560569951389
0.2027286362
0.2027286362
0.2027286362
0.2027286362
0.2027286362
0.694241805369
0.694241805369
0.694241805369
1.32823368031
-1.73575676581
-3.20760842388
-3.9351189363
-3.9351189363
-8.48430632699
-6.25919789271
-6.10495392243
-6.0054180437
-6.0054180437
-6.74322646574
-6.74322646574
-8.20359132238
-8.20359132238
-8.20359132238
-3.88408271331
-5.39213751592
-3.8013473497
-3.8013473497
-3.8013473497
-2.16066923232
-1.93804537447
-1.93804537447
-1.93804537447
1.51204697713
1.51204697713
-2.66916813481
-2.66916813481
-4.26463014157
-3.81135465503
-1.67362223221
0.487105297928
0.487105297928
-0.0888347754492
0.84878061211
0.84878061211
0.84878061211
0.84878061211
0.84878061211
0.576133313759
0.576133313759
0.576133313759
2.53567443538
-1.9246722158
-1.43997107767
0.670074819651
0.670074819651
0.670074819651
0.670074819651
2.05905150108
2.05905150108
3.07609969696
3.07609969696
-3.24909825302
-3.24909825302
-3.24909825302
-1.74969729554
-1.74969729554
1.14094713453
1.14094713453
1.14094713453
1.14094713453
1.14094713453
1.14094713453
1.14094713453
1.14094713453
-1.42716588609
1.90801111885
1.90801111885
1.19878659289
-0.87191107268
-0.87191107268
-0.87191107268
0.620150535686
2.5458667856
2.5458667856
-2.45768867303
-0.532639747402
-0.532639747402
3.00764486089
0.0544541806889
-0.9844476507
-0.9844476507
-0.9844476507
-0.9844476507
-1.25863148817
0.647355401706
0.647355401706
1.39890707057
0.699961076821
-0.278342396895
1.09412232814
1.09412232814
0.120544029976
0.57456200974
0.0787843513341
-0.819049806882
-1.99206919523
2.26088247319
0.611267479385
-1.56752533651
1.84958394474
2.60711118761
3.79812715998
-0.251556302193
1.37098662869
1.37098662869
-0.18667532535
-0.18667532535
1.49709179188
1.49709179188
1.49709179188
-0.401669687193
-1.32441219637
-1.37524075777
-1.37524075777
-1.37524075777
-0.888600228974
-0.888600228974
-0.888600228974
-0.888600228974
-0.888600228974
0.761518628643
0.761518628643
0.761518628643
0.817275572338
2.99344471547
2.99344471547
2.99344471547
-1.31390834324
-1.31390834324
-1.31390834324
-1.31390834324
-1.31390834324
-6.038704271
-6.89171621277
-6.89171621277
-6.69138997406
-3.57849625538
-3.57849625538
-3.57849625538
-3.57849625538
-3.84621421687
-1.90168565616
-0.960064267823
-0.960064267823
0.694294426505
0.694294426505
2.411129949
2.411129949
1.15806556257
1.57677697328
1.57677697328
-0.0663048979871
-0.0663048979871
-0.0663048979871
0.28243113014
0.28243113014
-1.37989233789
-0.290478554712
-1.17064528883
-1.17064528883
-1.17064528883
1.57338033813
0.558358272896
-5.26067457319
-4.2470595087
0.597090972938
0.597090972938
0.597090972938
0.0426935798417
0.0426935798417
1.93937909076
1.93937909076
1.71889152142
0.860680338627
1.4106824747
1.4106824747
1.4106824747
0.928701416265
0.928701416265
-0.0997076892925
-1.40122489374
0.567156498106
0.567156498106
-0.539980738478
-0.539980738478
2.00519741832
2.50794876767
2.37729229508
1.40125019137
1.40125019137
1.40125019137
0.254688884447
-0.434086845412
-0.434086845412
-0.434086845412
6.10718407243
1.6967226487
1.6967226487
-1.3170099041
0.950178524248
0.378035160686
0.378035160686
0.378035160686
0.378035160686
0.87193788921
-0.482069956409
2.89084586994
3.60005468857
4.96406015278
1.42523301398
-1.43975492933
-0.279860606282
-0.714110317428
-0.714110317428
-0.714110317428
-0.714110317428
-0.714110317428
-1.51112597406
0.719692059297
0.719692059297
0.719692059297
-0.450997163374
1.47238348967
-4.3145829176
-4.3145829176
-3.8033567722
3.27056927077
3.27056927077
3.27056927077
3.36866498668
3.36866498668
3.18426124318
3.18426124318
-1.36525070939
1.40798315824
-0.375273145085
-2.05948001091
-0.661983259812
-0.661983259812
-0.661983259812
-0.661983259812
-0.661983259812
-0.39856040502
-1.96366012142
-1.96366012142
-1.96366012142
-1.96366012142
-1.96366012142
-1.96366012142
-1.62382833051
-1.62382833051
-1.62382833051
-3.82928445143
-3.8859909055
-3.31562885554
1.57594452517
-1.33204452487
0.642162257475
1.29317765082
3.3850002675
3.3850002675
3.3850002675
1.24338700892
0.989131631045
-2.2592587415
-1.89206592957
-1.74154907654
-0.546033269157
-0.546033269157
-0.257320863063
-0.257320863063
-0.0886289235852
0.506577993794
-0.448733249767
-0.448733249767
-0.448733249767
1.15272305874
1.15272305874
1.34446630848
1.34446630848
1.34446630848
-2.13603959759
-2.13603959759
-2.13603959759
-2.13603959759
-2.13603959759
-2.13603959759
-2.13603959759
-2.13603959759
-1.08756458382
0.00717049602671
0.912060563807
0.912060563807
0.912060563807
-2.35257176304
2.96489520144
0.535764839842
0.535764839842
0.535764839842
0.535764839842
0.535764839842
1.33201994518
1.33201994518
1.33201994518
-1.72859568274
-1.72859568274
-1.34401722186
-1.34401722186
-1.34401722186
-1.34401722186
-1.34401722186
-1.34401722186
-2.46439034407
-2.46439034407
-2.46439034407
-2.46439034407
-2.46439034407
-0.314555538074
0.113243244099
0.113243244099
0.113243244099
0.113243244099
0.113243244099
0.113243244099
-0.503993265783
-0.503993265783
2.18301377531
2.18301377531
1.4789542222
0.260445596414
0.260445596414
0.260445596414
0.561796856723
0.0323858235083
0.0323858235083
0.0323858235083
-0.115869910086
-0.63167405043
-0.63167405043
-0.0526366370908
-0.0526366370908
-0.0526366370908
-0.0526366370908
-1.64653609928
-1.64653609928
-2.71383632759
-0.839296499751
-0.839296499751
-2.89578294349
-2.89578294349
-1.38167108921
-1.38167108921
1.69661809175
-0.240645299886
-0.240645299886
-3.3314059393
2.69304952506
2.69304952506
1.40147976644
1.40147976644
1.394717189
1.394717189
1.394717189
1.394717189
1.394717189
-0.291884461627
-0.291884461627
-0.291884461627
-3.18305859283
-2.20275998489
-2.20275998489
-3.11695205278
-3.11695205278
-3.11695205278
-2.82538762903
2.79027872167
-0.629896280243
-0.629896280243
-0.629896280243
0.161054106021
3.68387409699
3.68387409699
-2.72980682147
0.80433506225
-0.124813984076
-0.124813984076
-0.124813984076
-0.124813984076
-0.0754218896828
-0.0754218896828
-0.0754218896828
-1.36637015794
-1.64756157492
-1.64756157492
-1.64756157492
-1.64756157492
-1.64756157492
-1.64756157492
-1.64756157492
-1.92775809523
-1.92775809523
0.528037115562
-1.18342497965
-1.18342497965
-1.18342497965
-1.18342497965
1.64431572259
-0.189051562197
-0.189051562197
-0.189051562197
-0.189051562197
-0.499759939916
-0.709195437738
1.35077318898
1.35077318898
2.11557477309
2.11557477309
2.11557477309
2.11557477309
2.11557477309
2.11557477309
2.11557477309
-0.487731061704
0.920169360614
1.8674562321
3.09872991665
3.09872991665
4.23069507314
4.23069507314
4.36695513805
-1.85018385224
-1.7774755117
-1.23751217369
1.84509671123
-1.41551820626
-0.394188362285
-0.071980015939
-0.071980015939
-1.64708120512
-1.64708120512
-1.64708120512
-1.64708120512
-1.64708120512
0.378996956995
-2.04337321855
-0.193315952166
-2.89896376397
-2.89896376397
-2.89896376397
-2.89896376397
-2.89896376397
-1.1032015374
-1.1032015374
-1.1032015374
-2.85010044343
-2.85010044343
2.95126389487
1.98703437928
1.98703437928
1.98703437928
-0.111147926133
-0.568014060963
-0.568014060963
-0.568014060963
-3.51516845281
-0.526363835416
-1.76528293987
-1.76528293987
-1.76528293987
-1.76528293987
0.791978108337
0.791978108337
-0.973509526039
-0.973509526039
-4.55382371469
-6.01595478971
-6.01595478971
-1.46164589298
-1.46164589298
-1.46164589298
-2.48817641622
-2.22368415638
-3.99333944188
-6.43900863856
-6.43900863856
-8.17569090314
-6.75665654976
-2.89778492109
-3.67228073456
-3.66265156333
-0.808038767533
-1.74693913807
-1.17530544898
-1.29096170008
-0.114659048273
-0.114659048273
-0.114659048273
-0.730713916182
0.677046462833
0.785955287607
-0.243316635687
0.494456971184
0.494456971184
3.07147114631
-0.318707953357
-0.318707953357
0.759341119143
0.759341119143
-0.559447277963
-1.68352712554
-0.84555240255
-2.42266306716
-1.28645846752
2.3929130365
2.3929130365
2.3929130365
-5.03885089798
-5.03885089798
-2.90482688673
-2.90482688673
-2.90482688673
-2.90482688673
-2.90482688673
-2.90482688673
1.97794490872
1.37290921391
1.37290921391
1.37290921391
-0.730544711625
-0.730544711625
-0.730544711625
-0.933959305845
-0.714597297448
-0.181959753457
-1.2303489973
-1.2303489973
-1.2303489973
-0.0344047666453
-0.0344047666453
-0.0344047666453
0.662436920429
0.662436920429
0.662436920429
0.662436920429
0.662436920429
-3.06913369062
-3.06913369062
-3.06913369062
-3.06913369062
-1.89960003512
-1.89960003512
0.634719855827
0.634719855827
0.634719855827
0.634719855827
0.634719855827
-0.212454426578
-0.212454426578
-2.30279433398
2.71551754314
2.71551754314
4.6497812798
4.6497812798
1.23698606063
1.23698606063
1.23698606063
1.22874223162
1.22874223162
3.03692445379
3.03692445379
3.29184589622
-0.664330680515
-0.664330680515
-1.47701743075
1.93857793038
1.93857793038
0.780079039504
0.780079039504
0.780079039504
0.780079039504
-0.170524036294
-2.146841155
-0.242567490749
-0.856416684457
-0.856416684457
2.27281182307
1.28816674374
1.7048375574
1.7048375574
-0.237028838473
-1.08417096492
-1.08417096492
3.44556583942
3.44556583942
4.79976491563
6.14075008252
6.14075008252
2.03844529945
0.134477517448
0.134477517448
-1.03390659337
-1.03390659337
-0.324709811616
1.81222359957
-1.82625597621
-1.82625597621
-1.89831067458
-3.15084088171
-3.48344851799
-2.28179289045
-2.28179289045
-2.79318690585
0.718934218217
1.46772208552
1.46772208552
1.74783957381
1.74783957381
-0.408804218099
-0.408804218099
-0.230869177325
-0.561166982063
0.600647742352
0.600647742352
0.600647742352
0.600647742352
-1.37691944673
2.5732969406
1.26746743381
-1.23158717805
-1.00054072446
-4.13618626768
-4.13618626768
-2.96642377496
-0.514689385735
-2.21215966447
-2.21215966447
-4.68022976554
-4.55754937335
2.28540206299
2.28540206299
-0.233241037653
-0.233241037653
1.48995036795
2.27247776061
0.226790597024
0.226790597024
0.226790597024
1.58550959402
2.35110315653
2.35110315653
2.35110315653
1.80633262708
1.80633262708
1.80633262708
1.80633262708
1.39727426816
2.80401757125
2.80401757125
2.80401757125
-4.26242122954
-5.10251726364
-7.48931432898
-5.34701482941
-5.34701482941
-3.68256572861
-0.421065125564
-0.421065125564
-1.24393332388
-0.740621010919
-0.740621010919
-0.740621010919
-2.39511617693
-5.67503442514
-4.34968100423
-3.53564956008
-3.53564956008
-1.939771729
-1.939771729
-1.939771729
-1.21821510537
-0.185291355481
1.79669464743
1.79669464743
-0.777101893941
-0.777101893941
0.578882334336
0.578882334336
0.93981574483
-1.20211355804
-1.20211355804
-1.20211355804
0.558569164397
-0.144370082963
-0.484572161058
-0.484572161058
1.19286352764
1.19286352764
0.085327545564
0.541685630893
-1.65835533148
-1.65835533148
-1.65835533148
-0.000673934349586
3.33407144703
4.89814012343
5.12281996887
4.89460310606
0.28571673979
0.28571673979
0.28571673979
0.28571673979
0.28571673979
0.28571673979
0.28571673979
0.28571673979
5.86488685954
7.23379416083
4.51743597684
1.43452383461
1.43452383461
1.43452383461
2.47992996959
2.47992996959
2.47992996959
2.47992996959
0.97161487379
0.97161487379
1.45921846578
1.50202075776
1.37561561228
1.37561561228
2.32023758812
0.746659019748
0.746659019748
-3.03006340475
2.35803338318
-0.197427730857
0.474625078313
2.65348092497
2.65348092497
2.65348092497
2.65348092497
-1.93460435561
1.88936246504
1.88936246504
-0.293160072595
-0.293160072595
-0.293160072595
-0.256465695401
-1.67121946701
-1.67121946701
-1.7379471423
-0.775038019844
-0.775038019844
-0.775038019844
-0.0392996682571
-0.0392996682571
2.22706338649
-0.232190364567
-0.410835911023
-2.60164356423
-2.60164356423
-1.18947860947
-1.18947860947
-2.07905111537
-1.15181562471
-1.56622240365
-1.56622240365
-1.56622240365
-1.56622240365
0.779597993171
-0.388977623272
-0.388977623272
-0.388977623272
-0.388977623272
-1.10238279234
-1.10238279234
-1.10238279234
1.03370610628
2.3347092723
-0.437597512838
-1.54827692467
-2.13664776657
-0.475828170299
-0.475828170299
-0.370367728583
-0.370367728583
-0.412862033905
-0.230707100935
-0.230707100935
-0.230707100935
-0.230707100935
-0.187203432351
-0.187203432351
-3.08469841056
-2.23203637116
0.295584022747
0.295584022747
-6.62748663506
-7.11458961157
-7.11458961157
-7.4965720757
-8.28039056799
-8.18452582575
-7.87757854123
-7.87757854123
-7.87757854123
-7.32791394575
-7.08007864795
-5.78802067805
-5.78049370516
-4.13829584522
-4.13829584522
-4.13829584522
-4.13829584522
-4.13829584522
-2.89081723347
-1.03819474552
-1.03819474552
2.40043713727
-0.663146874578
-0.663146874578
-0.663146874578
-0.663146874578
-3.97686107677
-3.97686107677
-3.97686107677
3.13826920927
3.71066329501
3.20232713256
3.20232713256
-2.83131938822
-1.01077397676
-1.01077397676
-1.01077397676
-1.01077397676
-1.01077397676
0.0476171454775
0.0476171454775
0.0476171454775
0.0476171454775
0.0476171454775
0.0476171454775
0.0476171454775
0.740360985836
-0.553862982471
-0.553862982471
0.476379538255
-0.221376604596
-0.221376604596
-0.221376604596
-0.0924616232516
1.39568006652
-1.17465697182
-1.51018547974
-0.0194373716961
-0.0194373716961
1.73188066423
1.73188066423
1.73188066423
1.73188066423
1.73188066423
1.73188066423
1.73188066423
-1.16643981182
-1.16643981182
-0.891527267331
-0.21117519342
-0.21117519342
-0.21117519342
-0.21117519342
-0.21117519342
-0.21117519342
-0.0607380512883
-0.0607380512883
-0.400360091158
-0.400360091158
-3.25406966259
-4.54752567336
-4.54752567336
-3.13912832123
-2.68274466814
-6.21420363339
-4.44826478505
-1.2165816292
-1.2165816292
-0.601944616522
-1.23675368828
-1.23675368828
0.882306582255
-0.370973847838
-0.370973847838
-5.00998767943
2.0717309715
0.746984028128
0.746984028128
0.166907572173
0.166907572173
0.917031338268
-1.16730930991
-1.16730930991
-1.16730930991
-0.301203968417
-0.301203968417
-0.525978291874
2.38658699097
2.3519486826
4.0097839017
4.0097839017
0.255002384907
-2.71015981663
-2.71015981663
-2.71015981663
-2.71015981663
-2.71015981663
0.289566651856
0.289566651856
0.289566651856
-0.743365918684
-0.743365918684
-0.743365918684
-0.525761056523
-0.348243923871
-0.348243923871
-0.348243923871
-0.348243923871
-0.355114557741
1.11719169667
1.11719169667
0.282082221112
0.282082221112
0.566081958261
-2.17056075922
1.93247957406
3.02316890422
0.752889338767
0.632840799282
-0.11478654314
-1.06107146433
1.16531008332
-3.27432330916
-3.27432330916
-3.27432330916
-3.27432330916
-2.84793424589
-2.84305196845
-0.438414106633
-0.438414106633
0.233534688169
0.488330254548
-0.556286805456
-0.556286805456
-0.556286805456
0.30823250498
0.30823250498
-0.266352263229
-0.800241438104
-0.800241438104
-0.570471560229
-2.26072405354
-2.26072405354
-3.18629161898
-1.69718965563
-1.69718965563
-1.69718965563
-1.69718965563
-1.69718965563
1.27495935892
1.27495935892
1.27495935892
1.27495935892
-0.814343307847
-0.814343307847
-0.814343307847
-0.814343307847
-0.814343307847
1.32307741061
1.32307741061
1.32307741061
1.17109407822
3.3050829126
-0.325741205646
-0.325741205646
-0.325741205646
-0.109339445934
-0.109339445934
-0.109339445934
-0.109339445934
4.00915162513
4.00915162513
1.95484711828
1.95484711828
4.00099130831
4.00099130831
0.490224726971
0.490224726971
-2.21272923008
-2.21272923008
-2.21272923008
-2.43389740957
-1.52105527315
-1.52105527315
-1.52105527315
1.99721330932
1.99721330932
-1.21037928634
-1.21037928634
-3.07613190177
-3.07613190177
-2.68811614754
-2.68811614754
-2.68811614754
-2.22571730146
-2.22571730146
-4.87236210844
-4.87236210844
-4.87236210844
-5.69444512147
-4.34695836275
-4.34695836275
2.79048243596
2.79048243596
0.910948634957
-0.0721983076725
-1.26973148515
-2.66590940922
-2.84494857366
-1.28413938887
-1.06847960783
4.21345130476
4.21345130476
-2.69720772638
-2.69720772638
2.20591359238
-3.31119859374
-3.31119859374
0.770918795939
-0.584411880717
0.601723317568
0.601723317568
0.286224788811
0.227232226488
1.55720347313
-1.11101707374
-1.11101707374
1.09478952778
1.09478952778
1.09478952778
1.09478952778
2.47185739101
1.56235333555
-1.83787010987
-1.83787010987
-1.83787010987
1.85934121494
1.85934121494
0.161894504104
0.879468209544
0.879468209544
0.879468209544
0.879468209544
2.35344925892
-2.47319405345
-2.47319405345
-2.47319405345
-1.72263570501
-1.72263570501
-1.72263570501
0.679627157113
0.679627157113
0.679627157113
0.679627157113
-1.79221905116
-1.79221905116
1.71114523895
1.71114523895
1.71114523895
1.71114523895
1.71114523895
-0.662948117485
3.37236595877
2.87226813304
0.55801708063
0.986284727966
0.135606973604
-1.82495285303
0.446599406169
-0.986360160309
1.52095705952
1.52095705952
2.42733728346
2.42733728346
2.42733728346
-1.95464841575
0.419800337747
-2.44923170545
-2.44923170545
-2.49894880447
-2.9480366346
-2.2448529363
-2.2448529363
-1.95888844064
-0.64252579454
-0.64252579454
-0.917063678597
0.649289690169
0.649289690169
1.04995307136
-0.28804353733
1.17947994109
1.17947994109
1.17947994109
-0.87512278062
-0.87512278062
-0.87512278062
-0.87512278062
-0.348414132085
-0.348414132085
-0.348414132085
0.0224346265922
0.0224346265922
-0.685105191747
-0.685105191747
1.76615284246
1.60833246775
0.785790752803
0.785790752803
-1.60381982964
-1.83590866162
-1.83590866162
-1.83590866162
-1.83590866162
-4.17913572538
-3.63375975478
-3.63375975478
-4.20319358165
-0.812936820166
-0.812936820166
0.629988750917
1.08154843638
-3.49881727888
-0.197431782954
2.9092487951
-1.00410822004
-1.00410822004
0.125705525865
0.125705525865
0.125705525865
0.125705525865
-0.721391680993
-0.721391680993
-1.90274259472
-3.17885415101
1.8895133086
1.54364354491
1.54364354491
-1.69868759435
-1.69868759435
-1.69868759435
-2.17981623477
-0.542232391977
-0.542232391977
-0.542232391977
-0.542232391977
-0.542232391977
-0.542232391977
-0.542232391977
-2.71929358406
-2.71929358406
0.0411453622092
0.0411453622092
0.0411453622092
0.0411453622092
-1.40463465531
-1.40463465531
0.841587690344
0.841587690344
-1.81932771146
-1.81932771146
0.903528566531
0.903528566531
0.903528566531
0.903528566531
2.41006681581
2.41006681581
0.961731437998
2.65910232512
-1.85763455587
-1.90379240185
-1.48171515838
0.292322066257
0.292322066257
5.97087035571
5.97087035571
6.36035367006
6.36035367006
3.51263243743
3.51263243743
0.0527470229078
-0.165456138823
-0.165456138823
-0.165456138823
-0.369784227341
-0.369784227341
-0.369784227341
-3.92042860565
-3.92042860565
-3.92042860565
-3.15669678733
-3.15669678733
-3.15669678733
-3.15669678733
-3.15669678733
-3.15669678733
-5.3147848537
-5.3147848537
-4.98964591542
-8.48715522988
-9.24981226553
-9.24981226553
-6.56844939669
-6.36580964339
-6.36580964339
-8.19227099332
-6.99243962942
-6.43120353126
-5.65300285838
-5.65300285838
-9.32971987756
-9.32971987756
-9.32971987756
-9.43739754734
-11.7554526743
-12.0237873037
-11.0336119735
-11.0336119735
-10.9492886939
-13.7157171377
-9.55945612837
-1.76555576097
2.02792020619
2.02792020619
-0.0397604393194
-0.0397604393194
0.0439813465633
0.0439813465633
4.89069642174
1.30028033801
1.30028033801
1.30028033801
1.30028033801
1.30028033801
1.30028033801
1.30028033801
1.30028033801
2.08785871639
2.1410510942
-0.955979024778
0.0476792821349
0.0476792821349
0.0476792821349
0.0476792821349
0.0476792821349
0.0476792821349
0.0476792821349
0.0476792821349
0.598301666516
1.14895006471
-2.25998396457
-2.25998396457
-2.25998396457
-2.25998396457
-0.181983334129
-0.181983334129
-0.181983334129
-0.700685470041
-0.700685470041
1.14249030793
-1.19182105316
-1.27387108897
-1.27387108897
-0.706084403485
-0.706084403485
-4.84637074562
-4.00928392386
-4.00928392386
-2.31041648999
-2.31041648999
-1.89244106522
1.07332885314
1.07332885314
-1.17343857652
-0.507214949999
-0.507214949999
-2.64418631384
0.151457089663
0.151457089663
-0.537295680669
-0.537295680669
-2.9096916035
2.38013527808
2.38013527808
2.38013527808
2.38013527808
2.38013527808
2.38013527808
2.38013527808
-0.347332995143
-0.347332995143
-0.347332995143
-0.347332995143
0.749057957207
0.749057957207
0.749057957207
0.749057957207
-0.274654362443
-0.274654362443
1.47639976126
1.47639976126
1.47639976126
1.47639976126
1.56035461029
-0.00531100969
1.50546013617
1.35404758519
1.35404758519
0.979661158224
4.9918542464
4.9918542464
4.95779670334
4.95779670334
4.75182430761
1.45887107944
-1.31243149308
-1.31243149308
1.55118621011
4.33208508013
7.74075076886
5.94251598681
1.61640481157
-0.0528606583125
-0.0528606583125
3.34345995114
-0.113138905885
-0.595687184827
1.06640786546
1.06640786546
2.57281373378
2.57281373378
-2.55649410909
-3.95897023142
-5.92180993754
-3.00402283417
2.88765224146
2.88765224146
3.08566771102
5.60392226495
5.60392226495
2.00050939472
-0.628657239809
-0.628657239809
-0.628657239809
-0.687568314232
-0.687568314232
1.48584281754
-0.0359620335515
-0.0359620335515
-0.0359620335515
-2.64726320143
-3.04754292958
-3.04754292958
-3.04754292958
1.0747312607
1.0747312607
1.0747312607
1.0747312607
-0.169541368507
-0.169541368507
-0.777807308104
1.42325918314
3.20925961115
3.96883374506
3.96883374506
5.49218123856
6.72060363686
6.72060363686
3.04910893146
-1.52255410575
-2.15552962236
-2.16773672312
-2.16773672312
-0.800111336773
-0.800111336773
-0.800111336773
-0.800111336773
-0.800111336773
-0.800111336773
0.134400266506
0.134400266506
0.134400266506
0.403675879512
0.403675879512
1.13250505313
0.986072255455
-0.478258487893
-0.478258487893
-0.478258487893
-0.478258487893
-0.31406448337
-0.773883862256
-0.773883862256
-0.773883862256
1.18362151409
0.806967295198
0.806967295198
0.382554373785
0.382554373785
0.382554373785
0.382554373785
-1.34426818802
-1.34426818802
-1.34426818802
-3.62133377588
-3.62133377588
-3.62133377588
-3.1480295367
-0.386558114815
1.56643380661
1.56643380661
-0.263382142188
-0.625713919798
-0.625713919798
-1.03229431544
0.043695883199
0.043695883199
0.043695883199
-0.078346887621
-0.832701881078
-0.832701881078
-0.927632906347
-0.927632906347
-4.14506712399
1.36175729014
0.769973816626
0.769973816626
0.769973816626
-2.39612555522
-3.45537271002
-0.626252666225
-1.22197422249
-1.22197422249
0.267172048227
0.267172048227
-0.647933618101
-0.647933618101
-0.647933618101
-0.647933618101
0.665104538342
-0.500318926818
-0.0939755678196
2.15054926675
2.15054926675
-1.06841338243
-1.06841338243
-1.06841338243
-1.10596378074
-1.10596378074
-0.00460445053153
-0.00460445053153
-0.00460445053153
1.55351782016
-2.02437665256
0.370094680683
0.370094680683
0.370094680683
-1.2611180644
0.462831133078
1.41318427632
1.41318427632
1.41318427632
1.41318427632
1.56933036214
1.56933036214
0.720920348462
0.720920348462
1.47348530356
1.47348530356
2.1165444782
-0.626952632128
-0.428184686845
-2.9745265497
-3.95253809361
-0.634963022585
1.45819759344
0.437516807101
0.437516807101
-0.800427251365
2.77209721126
2.05959530927
2.05959530927
2.05959530927
1.8379646899
-2.43874885344
-2.43874885344
-2.43874885344
-1.50610915641
-0.697466213194
-0.697466213194
-0.697466213194
0.608582792405
0.608582792405
-5.26186551847
-5.26186551847
-4.11165839568
0.886457278741
0.493166105215
0.493166105215
0.493166105215
0.493166105215
0.493166105215
-1.4973816994
-0.0711404119736
1.81611713265
1.82543075925
1.82543075925
1.82543075925
-0.424021507107
-0.424021507107
-0.424021507107
-0.424021507107
-0.424021507107
-0.424021507107
3.28565795409
0.098647255121
0.728836147813
0.728836147813
0.728836147813
2.35254830393
-2.6541113959
-2.6541113959
2.53593610148
2.03121006605
3.28680209906
3.74670866892
3.74670866892
-0.135999427307
-0.135999427307
-0.135999427307
-0.135999427307
-0.135999427307
-0.135999427307
-0.135999427307
-0.208980230225
1.65982456439
0.424078669692
0.424078669692
2.32166814495
2.32166814495
2.32166814495
2.32166814495
-5.1608627097
-3.32396640197
-0.669038726914
-0.669038726914
-0.669038726914
-0.669038726914
-0.669038726914
-0.669038726914
2.21316675006
2.21316675006
2.21316675006
1.67279470417
1.67279470417
1.67279470417
1.67279470417
1.67279470417
1.67279470417
1.67279470417
1.67279470417
1.89647804405
0.199124227819
1.65861070615
1.65865891137
3.00711985035
-1.78259092801
0.830713825607
0.830713825607
0.830713825607
0.830713825607
0.830713825607
0.830713825607
-2.495877186
-2.32034309248
-2.32034309248
-2.32034309248
-1.02523481073
-4.48864838907
-4.48864838907
-1.24161388271
-1.24161388271
-1.87499137503
-7.04162949966
-7.25300790738
-7.25300790738
-5.87279974408
-5.87279974408
-3.84308479168
0.471347998577
0.471347998577
0.471347998577
0.471347998577
0.471347998577
0.471347998577
0.471347998577
-0.854543793412
-3.06675937236
-0.0836229085216
-0.0836229085216
-0.0836229085216
-0.0836229085216
-0.941806557532
-0.941806557532
-0.941806557532
0.833334068901
0.833334068901
0.833334068901
0.833334068901
0.833334068901
0.833334068901
0.833334068901
-0.189459180722
-0.189459180722
-1.72088055492
-1.72088055492
-1.72088055492
-1.72088055492
-1.72088055492
-1.61950342807
-2.79028350293
-4.29875182734
-3.87462933368
-1.74193044529
-1.74193044529
-1.19485110051
-1.19485110051
-1.19485110051
-1.34967416043
-1.34967416043
0.789953054834
0.789953054834
0.789953054834
1.44216964248
1.56157795144
0.667314122203
0.149890536621
-0.410480686419
-0.410480686419
-0.410480686419
-1.1455997906
-1.1455997906
-1.1455997906
-6.78960154269
-1.11639973634
0.179156981416
0.453607321404
0.0910183780247
0.0910183780247
0.0910183780247
1.41825449931
1.29582472287
1.29582472287
0.335083720623
-3.37419144806
-3.37419144806
0.678380767794
1.90463857367
-1.59099586
-1.1047430772
-1.72503338498
0.0789498741304
0.0789498741304
0.0789498741304
-3.52424331076
-6.22922681108
-5.59435700576
-5.99573624101
-5.99573624101
-5.99573624101
-5.99573624101
-2.57978340883
0.849647702004
0.0150424628536
4.56915555494
1.93847966232
2.07176226273
0.862644422371
0.511943503685
0.511943503685
0.511943503685
2.33088795184
2.33088795184
-1.0640890994
2.14622845099
2.14622845099
2.14622845099
2.14622845099
2.14622845099
2.14622845099
-1.25504114476
-5.61921483044
-5.61921483044
-1.98905677843
-1.87594610248
-3.50536057869
-4.54622683341
-3.6410905987
-0.499098866215
-1.43609773528
-1.43609773528
-1.47978218338
-1.47978218338
-1.66814565215
-0.491456055216
-0.491456055216
1.40726465634
-0.794894093856
-0.794894093856
-0.794894093856
-0.794894093856
-0.794894093856
-0.794894093856
-1.52909968445
-0.0711022670281
-0.0711022670281
-0.0711022670281
-0.0711022670281
-0.648554066632
-0.515175916789
-2.15127656693
-3.67455029271
-5.58482956606
-4.8971114255
-4.8971114255
-4.8971114255
-1.94652640314
-1.94652640314
-1.94652640314
-1.94652640314
1.31318236384
1.31318236384
1.4623649398
1.4623649398
1.4623649398
1.4623649398
-0.960280374912
4.67874465226
0.674496691328
0.674496691328
2.12042139451
2.12042139451
-0.361787741751
-0.796916292831
1.57419202227
0.689547803749
1.79207265803
0.945552925704
0.748753663086
-4.64190308795
-4.81914663652
0.963402536243
0.963402536243
1.52965871459
1.71467237887
0.892966892275
0.892966892275
1.72907158716
1.20242656321
1.20242656321
1.20242656321
-2.28892795349
-2.78614243369
-2.89906882049
-2.89906882049
-1.88136563597
-0.424222501623
1.53913235428
1.53913235428
1.53913235428
1.53913235428
1.53913235428
2.76918268089
2.76918268089
0.961283281929
0.961283281929
2.09707453447
3.86005978126
4.99184923326
3.3613343363
2.67875549225
2.86947532917
2.86947532917
0.192221766257
-0.0101694800273
-0.0101694800273
1.6301497215
4.26041428382
4.26041428382
1.02650602784
10.801299522
8.33124477207
9.74639682193
7.39597021334
7.39597021334
6.41448393992
4.88691263513
4.88691263513
0.997092413451
2.93082073508
2.93082073508
2.93082073508
2.93082073508
3.76176485154
7.95475492655
5.89932585268
2.46005262458
-0.248743225224
-0.248743225224
-0.248743225224
-0.117036407152
-0.117036407152
-0.117036407152
-0.787084691033
-0.787084691033
-0.787084691033
-0.787084691033
-0.787084691033
0.914763056163
-0.666123614527
-0.734895318362
2.15791671097
2.25959293357
-0.47107595489
-0.778405341063
-0.778405341063
-0.778405341063
-0.778405341063
0.921048646216
0.921048646216
3.20327956354
-0.236506780627
-0.236506780627
-0.236506780627
-0.236506780627
-0.221205404815
-0.221205404815
-0.726282880725
-2.24288156671
-2.24288156671
-4.45016743968
-4.45016743968
-7.03818038021
-11.4331700033
-10.9603025977
-8.11484331074
-4.86337320415
-2.95595079553
-3.33033458873
-3.26892452911
-0.394774934216
0.312132065384
1.72405237348
1.72405237348
1.72405237348
1.29173500161
-1.55692666127
-1.55692666127
-0.270387032872
-0.270387032872
-0.270387032872
-0.270387032872
-0.270358487264
-0.270358487264
-0.0175934719793
-0.0175934719793
2.34173498255
2.34173498255
2.10693644111
-3.48832785657
-1.2593526163
0.0992730901672
0.0992730901672
0.0992730901672
1.62297243315
1.62297243315
1.7030396056
1.7030396056
2.49454257518
4.98686188537
3.5796459624
3.5796459624
3.5796459624
3.5796459624
3.5796459624
3.4482083637
0.563419390417
1.29033570638
-2.71661297632
-3.270594591
-2.62498843171
-1.65240368234
-1.65240368234
-1.65240368234
-1.54957767731
2.18543040082
1.81735292961
0.465168485112
2.1990873183
0.0900463870246
0.0900463870246
0.0160040348689
0.0160040348689
1.99358494645
1.99358494645
-1.64457812089
1.41182406211
-1.10987151722
-1.87983733512
-1.87983733512
0.621966598002
0.621966598002
0.621966598002
0.621966598002
0.621966598002
1.00933422715
1.10805186194
-2.19837391396
-2.19837391396
2.53001457684
5.47041854645
5.47041854645
2.13313036679
2.13313036679
2.13313036679
-0.620735841287
-0.620735841287
-2.23911524099
-2.35086982199
-2.35086982199
-3.01713474684
-3.01713474684
3.12872769656
3.12872769656
1.44533325825
1.44533325825
1.00541607334
-0.742109243684
0.265424491469
1.01652368945
2.04963203604
0.702621672626
-0.796732135919
0.563954357852
0.563954357852
0.563954357852
-1.55053397148
0.066344875084
-2.76675000718
-1.35732171482
-1.47963054991
-0.957106975204
6.39223851156
3.931034354
4.07686664849
0.707591998252
0.707591998252
0.707591998252
1.38279492348
-2.36410362821
-0.701757729484
1.72790147738
1.72790147738
1.72790147738
1.71811036317
1.71811036317
1.71811036317
1.71811036317
0.852820137318
0.852820137318
2.2281311312
-2.36530213924
-2.36530213924
-2.36530213924
-3.29154257415
-2.99594418229
1.61647793264
1.61647793264
1.40060262988
2.1080849304
2.1080849304
2.1080849304
1.31322411243
3.02022272674
0.310037088906
3.75839825858
4.26998005821
-0.320063339452
0.333796412709
0.333796412709
3.64149713243
-1.1045351958
-0.400552249016
-0.400552249016
-0.400552249016
0.290076781659
-2.06377550361
-2.94795761303
3.10992828734
6.3472178741
6.3472178741
4.84135399415
-1.62311733832
-1.62311733832
2.18320520299
2.18320520299
2.09569728793
2.09569728793
2.57743976793
2.57743976793
-0.206501519653
-0.651280811599
-1.06880430995
-1.06880430995
1.42599309618
1.42599309618
1.42599309618
1.42599309618
1.42599309618
1.42599309618
1.95658817193
1.96383323473
-0.385094500972
-0.385094500972
-0.385094500972
-0.385094500972
-1.06475443253
-1.06475443253
-1.06475443253
-0.705841289627
-0.705841289627
0.620102131026
0.431083734309
0.339109300923
-0.1704476857
-0.1704476857
-0.1704476857
-0.1704476857
-3.7224012042
0.173227945737
0.173227945737
0.173227945737
-0.541282812772
-0.541282812772
1.11701912933
1.11701912933
1.11701912933
-2.06488847356
0.382637666699
0.382637666699
0.662834494653
0.662834494653
2.3445496275
0.51865987824
0.51865987824
0.51865987824
0.51865987824
-0.639617067619
-0.639617067619
-0.639617067619
-0.639617067619
-0.639617067619
-0.639617067619
1.78837326906
0.863568659084
0.863568659084
0.863568659084
0.364465186519
1.90723483426
2.677721741
1.26330818513
1.19208287341
1.19208287341
0.361637618598
-2.25910573934
-1.41408816384
-1.41408816384
-0.676820434632
-1.40445330707
-1.6581846038
-1.6581846038
-0.998858991006
1.96282628439
1.96282628439
-1.68480757147
-0.760987996429
0.507133212792
0.605532020425
-3.19204293445
-3.19204293445
-6.18695164653
-6.18695164653
-5.27731832509
-5.27731832509
-4.58914662714
-5.21285947882
-3.60070083606
-4.34800686039
5.30063012522
2.67749972591
2.67749972591
0.950350425456
0.130184560555
0.038270987221
0.038270987221
0.038270987221
0.038270987221
0.038270987221
2.31184291322
2.02019296434
-1.76719794808
0.677417416171
-1.20241124734
-1.20241124734
-0.203836823202
-0.0472859783343
0.863738061412
-1.19848874737
1.95375150505
-0.330528159974
0.0689878828922
0.0689878828922
0.815414817479
0.815414817479
0.815414817479
-1.65397900402
-1.0272504212
0.185647696378
0.185647696378
0.185647696378
-0.0384635255121
-0.0384635255121
-0.0384635255121
-0.0384635255121
2.1220166686
2.1220166686
1.42774394106
-1.4219204384
-1.4219204384
0.39452144756
1.34558077226
-1.27186659166
-1.27186659166
-1.23952176614
2.38207236585
-0.879341418449
-0.879341418449
-6.28458885313
-5.69428838554
-2.45105836892
-2.45105836892
-2.45105836892
-2.45105836892
-2.45105836892
-2.74867928354
-2.06537366903
-2.06537366903
0.499822446927
0.499822446927
-0.309772105263
-0.309772105263
0.198070336907
2.63985478056
-1.45215300116
-1.90850412223
-2.27430209395
-2.11528881215
-2.11528881215
-3.57808798301
-5.52617693712
-5.79580197294
-4.55923385072
-2.8440232129
1.39017961845
1.39017961845
1.03022824037
2.91612926658
-1.12839567548
-1.12839567548
-1.26275965986
-1.26275965986
-1.26275965986
-1.26275965986
2.29317754937
-0.680979082354
-0.680979082354
-0.680979082354
-1.92019719294
-7.42217915162
-6.55026378137
-3.66588328219
-4.31164177453
-6.50103265878
-0.851041989213
1.68857038785
1.42038142265
1.42038142265
1.42038142265
1.14372592425
1.69690524065
2.22393108197
2.22393108197
2.22393108197
2.22393108197
2.22393108197
-1.29963730832
-1.29963730832
-0.402761443863
1.09408430569
1.09408430569
1.09408430569
-0.644715396135
1.12875400061
1.12875400061
-0.711732720155
-1.94552108017
-1.67226349956
-1.67226349956
-1.67226349956
-1.19978527788
-1.19978527788
0.933703904547
0.933703904547
0.933703904547
0.933703904547
0.933703904547
0.933703904547
0.899762803602
0.899762803602
0.899762803602
0.899762803602
0.899762803602
0.899762803602
0.899762803602
0.899762803602
-1.58440473352
-1.44989058112
-1.17912153644
2.56816955428
2.96873980563
-1.01838909422
-1.01838909422
-1.01838909422
-1.01838909422
-1.10071132406
0.0284143265354
-0.306026474311
-0.306026474311
-0.306026474311
-0.306026474311
-0.306026474311
-0.393516156545
-0.537963976869
-0.537963976869
-0.917446069963
-0.917446069963
-0.917446069963
1.8813794938
1.8813794938
1.8813794938
2.26387788693
2.26387788693
2.37045426483
2.37045426483
1.03640454297
1.39841775209
1.39841775209
1.39841775209
-0.893018685722
3.03807512482
3.03807512482
-5.43721345962
-5.43721345962
-5.43721345962
-2.23209294459
1.47543337203
-0.352140161395
-0.855129712569
-1.20621859122
-1.20621859122
1.55355829313
3.23995881905
3.23995881905
3.23995881905
0.539303913943
0.539303913943
0.539303913943
1.8312007786
1.8312007786
1.8312007786
-0.709012532944
-2.34924151531
-0.192426662754
-0.13125631755
0.83043059608
0.83043059608
-1.89467566333
-1.89467566333
-1.89467566333
-1.89467566333
-1.89467566333
-0.753598233411
4.98210430365
-0.150015253467
-0.150015253467
-0.150015253467
-0.150015253467
-0.150015253467
-0.150015253467
-0.111477704479
-1.69576718542
2.59376540931
0.83644232625
0.83644232625
0.83644232625
1.62069233803
3.83834150216
-1.57453785577
0.121514536028
0.121514536028
0.121514536028
0.121514536028
-2.83635715026
-0.680578905965
-0.680578905965
-0.680578905965
0.503692924067
0.503692924067
0.503692924067
0.503692924067
-1.59874618647
1.29593023627
-2.02692025868
-2.02692025868
-1.40832416617
3.84795460906
0.777519921998
2.01406186878
2.01406186878
-3.6444467507
-4.51888566186
-2.63341740213
-0.191593563813
0.502111408172
0.502111408172
0.502111408172
-3.38013046728
-4.58476868627
-5.78262300799
-4.61754973824
-9.925819082
-9.925819082
-10.7100912852
-4.79074531645
-5.63734757462
-5.63734757462
-6.30900804376
-2.9522109841
-3.14480367203
-0.452924975904
-0.452924975904
1.06954306607
-0.574330671129
0.132492948462
1.67961830649
-0.327432659657
2.02798783895
2.02798783895
2.02798783895
2.02798783895
2.41381193934
2.41381193934
-0.0695350912654
1.08392578679
1.08392578679
1.08392578679
0.591770202146
0.591770202146
0.591770202146
-0.353619981809
-0.353619981809
-0.353619981809
-0.353619981809
-0.353619981809
-0.353619981809
-0.308734537967
-2.14682602852
-2.14682602852
-1.33349090826
-3.04126193188
-3.77686673703
0.74222586749
-0.887694245635
-1.56827855881
-1.56827855881
-1.56827855881
-0.576132295784
-0.576132295784
-0.576132295784
-0.576132295784
-0.994067400969
-0.994067400969
-0.994067400969
-0.180697300548
0.577695037916
0.577695037916
0.591354095704
0.591354095704
0.591354095704
-0.208779466349
-0.208779466349
2.05077405707
2.05077405707
2.05077405707
2.05077405707
2.05077405707
-0.155743679718
0.745123752326
-0.75350066919
-0.75350066919
-2.25661059894
-3.05818838279
-5.11698721459
-0.653780531476
-0.200783055346
-0.200783055346
-0.00485485016616
-2.60311145494
-1.13682367654
-1.13682367654
1.85314321932
0.377470818686
0.377470818686
-1.21044311518
-1.19332208643
-4.19046958545
1.92540383076
-1.56021881403
1.52665384481
1.52665384481
1.00893440736
-0.915616297639
-2.34261899505
-1.83920871984
-1.83920871984
0.95281819495
1.30768274096
1.03986537707
-1.71538710011
-1.71538710011
-1.71538710011
-2.27721659684
-2.27721659684
-2.27721659684
-2.27721659684
-2.27721659684
-0.362615929958
-1.86540462459
-2.81451830516
1.3091819449
0.470669638344
-5.63634966769
-5.32806923332
-5.32806923332
-6.45571483199
-8.36854975747
0.434696427029
3.93816472861
1.43801356405
1.81077412663
1.81077412663
1.81077412663
1.81077412663
1.81077412663
1.81077412663
-0.217755096031
-0.217755096031
-0.217755096031
-0.217755096031
-0.217755096031
-0.217755096031
1.08132905348
0.881551072961
0.881551072961
0.881551072961
-2.01023208371
1.05585914021
1.05585914021
0.0224392757786
0.669099144921
0.669099144921
0.720756469142
-0.0772418418477
-0.0772418418477
-0.11642450823
2.51500519571
0.293297147328
-1.93558722308
-1.93558722308
1.4057588513
1.4057588513
-0.240646983851
0.806651615133
0.806651615133
-1.84273596828
-1.84273596828
-2.76105867174
-2.76105867174
1.3151376303
1.3151376303
-0.917013830199
-0.917013830199
-0.917013830199
-2.70756922841
-2.70756922841
-2.70756922841
-2.3916648972
3.86945016136
3.86945016136
3.86945016136
3.86945016136
0.964420154441
-0.6858854717
-0.411479034621
-0.145226235111
-0.513743922729
-1.1168089913
0.966644112228
0.605660030917
1.69624857662
-0.741958496098
-0.741958496098
4.03123846265
4.03123846265
3.3719522498
6.39545760343
4.58578688901
2.70132262479
4.33418450343
4.33418450343
-1.24515474725
-2.31369785221
2.14064045328
2.14064045328
-0.5962055689
-0.5962055689
-0.5962055689
-1.08989889626
-0.023639171048
-0.023639171048
-0.023639171048
-0.023639171048
-0.023639171048
-0.023639171048
-0.332647597337
-0.578310349478
0.10749768303
0.10749768303
0.10749768303
0.10749768303
0.10749768303
0.10749768303
-0.0808360787027
-0.0808360787027
-0.711421760265
-0.441131119773
2.89788799095
-1.629454588
-1.629454588
-2.86678862643
-3.70841030258
1.43602304104
1.43602304104
-0.598701007188
-0.598701007188
-0.999665761867
2.59475719395
2.59475719395
2.59475719395
4.23493064452
-1.12115333888
-1.71442337357
-1.71442337357
-1.05433030676
-1.23272708104
-1.23272708104
-0.119947172424
-0.119947172424
0.0422719557541
0.0422719557541
0.0422719557541
0.0422719557541
0.0422719557541
-0.254287779095
-0.254287779095
-0.254287779095
-0.254287779095
-0.254287779095
-0.254287779095
-1.37574685041
-0.122860454305
-0.122860454305
-0.122860454305
0.288735667608
-1.39136313501
-0.603442241319
-0.603442241319
-0.151817406537
0.647737354327
0.807523052766
0.807523052766
0.807523052766
0.807523052766
2.63197732442
-0.134043135358
-0.96962635623
-1.32943307754
-1.57094152978
3.16780017249
3.16780017249
4.58468124495
4.00779226974
0.670654747354
0.670654747354
0.670654747354
1.5324433388
1.5324433388
-2.8361702655
-2.08218879789
-2.08218879789
-2.08218879789
-2.24535275942
-2.24535275942
-2.24535275942
-2.23132821991
-2.23132821991
-2.23132821991
-1.64689033907
-1.64689033907
-1.66944186625
1.21463528527
0.395158982205
0.145889311992
1.15943387087
-0.673607340603
-0.528686721253
-0.528686721253
-0.528686721253
-0.528686721253
-0.528686721253
4.46108021153
-3.02744544714
2.62747400842
2.71782675286
2.71782675286
2.71782675286
-0.365350685939
-0.365350685939
-1.14570318825
-2.13406773415
-2.13406773415
-2.13406773415
-2.13406773415
-0.319862184274
-0.317950799977
-0.317950799977
0.0921732598802
0.0921732598802
0.0921732598802
0.0921732598802
0.0921732598802
1.14123615327
1.14123615327
1.14123615327
-0.397447778356
-0.215784106596
1.24548287225
1.24548287225
1.24548287225
1.24548287225
1.24548287225
-2.80262089012
-2.80262089012
-2.80262089012
-1.6397409402
-3.08205362161
-3.27043095987
2.30800756299
2.30800756299
3.87398697488
3.35867893521
3.35867893521
-2.10624100064
0.98817036069
0.828658015806
1.93413220473
-1.51259599491
-0.451328841909
-0.451328841909
-0.451328841909
-0.451328841909
-0.451328841909
-0.451328841909
-0.451328841909
-0.9291465126
-0.9291465126
1.61489752277
2.9414233832
2.9414233832
1.00517275512
0.436937926396
0.91294663282
-2.54914864579
-2.54914864579
0.397865068286
0.397865068286
0.397865068286
0.397865068286
1.11377096195
1.11377096195
-1.27097546448
-4.48021943791
-6.44667526037
-7.21473444289
-7.21473444289
-9.01997811864
-8.57009564808
-8.57009564808
-6.99980868593
-2.24726762778
-1.67899137397
-1.67899137397
-1.67899137397
-1.67899137397
-1.67899137397
-1.67899137397
-1.67899137397
-1.67899137397
-4.73867588049
-1.19868054401
-1.19868054401
-0.356852799836
-0.356852799836
-0.356852799836
-0.356852799836
4.04322260138
4.04322260138
2.92665887939
3.58419615963
3.58419615963
3.58419615963
3.58419615963
3.28058467132
2.97093130569
-0.585388105512
0.640533642659
0.640533642659
0.640533642659
0.640533642659
0.536772665285
0.536772665285
-0.455331145642
-2.66764177533
0.234982692968
0.234982692968
0.0441161513121
0.0441161513121
5.69160989449
5.27058317607
3.67141092656
-1.06017165549
3.01503830166
1.5092289362
1.5092289362
-0.0990520055403
0.671569625779
0.671569625779
0.671569625779
2.21350913326
2.21350913326
0.950148337072
-1.47829737317
-1.47829737317
-1.47829737317
0.773192254408
3.15673522463
-0.278543623713
-0.278543623713
-0.278543623713
-0.278543623713
-1.72468638354
-0.126275186162
-0.510194979732
-0.147121900529
-0.147121900529
-0.147121900529
-2.28087052814
-0.952333173591
2.08972879633
2.5300292212
3.2874943816
-5.54825593481
-2.39162833408
2.98768057542
-1.32554525018
-0.487553415798
3.27944744171
2.43361618168
2.43361618168
2.43361618168
4.80188713987
4.80188713987
0.0225040237032
0.0960479564013
0.0960479564013
-3.60895879536
-3.60895879536
1.35448793624
1.35448793624
1.35448793624
0.785883258623
-3.32390450644
-5.03560576006
-5.03560576006
-5.03560576006
-0.307948898671
1.49543861713
1.33500735076
1.33500735076
2.26608070234
0.65667593805
1.10041814757
-0.698278655753
-0.797818785483
-0.341287360745
-1.62972325923
-1.61200422984
-0.614948448875
-0.399697109321
-0.399697109321
3.31944219503
3.31944219503
1.36737676058
-1.25100528051
-1.25100528051
0.178814691808
0.178814691808
1.80061396109
4.00464825285
0.608081407669
-3.20418535856
-2.14921686711
3.04007364492
3.49755992383
0.450897709868
0.450897709868
0.578340416297
1.39200951241
1.39200951241
1.39200951241
-0.598295835296
-0.598295835296
-0.598295835296
0.668329715689
3.46018279152
3.46018279152
0.7027484988
-0.155468502944
-0.345466129535
-0.0825802504065
-0.0825802504065
-0.0825802504065
-0.0432682292999
-1.45320773965
-1.45320773965
-1.45320773965
-3.23908139553
-5.33214749497
-4.77302287438
-8.09835550447
-11.2626429978
-14.9106755616
-13.6697859411
-14.604173702
-17.9408792618
-18.1623583126
-17.5998811087
-23.550135538
-19.8795952548
-21.2249064654
-21.2249064654
-20.7512404669
-22.6356861715
-27.0815725555
-27.8249357444
-26.1903983696
-28.3933177542
-26.9886801181
-26.9886801181
-24.120810555
-21.6669198635
-17.4146426572
-17.7642607892
-19.263059398
-19.263059398
-18.3683797651
-13.3233148995
-11.9293424574
-7.68450570932
-7.68450570932
-7.68450570932
-8.33417087378
-5.13287331662
-5.13287331662
-0.617078000591
-1.02042758259
-1.16573944525
2.6281476311
3.33701114576
1.26296595568
1.26296595568
0.474149749121
0.474149749121
0.474149749121
0.474149749121
-2.80836211932
-3.78728551464
-3.67442397442
-4.99505406783
-2.28034706212
-7.37897760836
1.3019126353
-0.334742725942
-0.334742725942
0.443438304881
0.443438304881
0.443438304881
0.443438304881
0.0461748468074
0.0461748468074
0.0461748468074
-2.40564344307
-2.40564344307
-2.40564344307
-2.40564344307
-2.40974063995
-2.40974063995
-2.40974063995
-2.40974063995
2.05281912589
1.87061922976
0.156275825875
0.156275825875
-0.416649596641
-0.416649596641
1.70042950139
1.70042950139
-0.120190820347
-0.267168906074
-0.267168906074
-0.267168906074
1.38896843066
3.10381178249
3.43092979365
5.68849054654
5.68849054654
0.0356395424987
0.0356395424987
0.0356395424987
0.863130855986
-1.07643222426
-1.07643222426
0.725328022098
0.725328022098
0.45206147161
0.45206147161
0.45206147161
0.45206147161
0.45206147161
1.11945038756
1.11945038756
0.977025255348
1.65136644394
0.773516104242
0.964645598492
0.964645598492
-0.643845766955
1.26052152959
1.26052152959
1.26052152959
4.21435972543
4.21435972543
3.22579842584
0.617565607023
2.0700272066
2.0700272066
2.0700272066
0.0331289477016
0.0331289477016
-0.346167753312
-0.105918086688
0.376367162547
1.08628838416
1.08628838416
1.08628838416
0.749324273275
0.749324273275
0.749324273275
0.224326465773
1.10940266146
1.10940266146
-2.0471294451
-2.0471294451
-0.3432771222
6.31627330951
6.31627330951
6.31627330951
8.83161455625
8.49407918848
8.49407918848
9.18124397277
5.94402119775
6.27873850705
1.16599038327
1.58120481152
1.58120481152
1.58120481152
1.58120481152
2.85979555349
2.32651415964
2.32651415964
2.32651415964
2.32651415964
2.32651415964
1.25150164717
-1.04024890175
-0.115912361459
-0.115912361459
-0.115912361459
-0.115912361459
-0.115912361459
-0.115912361459
-0.997678416142
-1.84753660434
2.00383410262
2.00383410262
-1.40406799424
-0.305488589532
-0.384618672529
0.535614535722
0.535614535722
1.28827542372
-0.820353099057
0.367988134115
-5.10646590964
-5.10646590964
-5.30916564003
-2.94487332742
-2.94487332742
-3.21658569511
-3.21658569511
-3.21658569511
-3.21658569511
-0.584767279047
-0.584767279047
-0.584767279047
2.97195457162
2.34509124432
-0.0429294915588
0.663563319697
1.46663532908
3.67555382019
-1.28231453298
-1.6069981478
-2.53324603136
-0.441990831064
1.96500062669
1.47313580629
1.47313580629
1.14936619318
1.14936619318
1.14936619318
1.10508267027
1.10508267027
1.0887203537
1.0887203537
-1.44869599132
1.97169571765
1.3878033876
4.11946701028
2.65613424221
2.28534978234
1.1907717061
-2.54897499648
-3.40935301464
-1.75669261503
-1.75669261503
0.330524106747
0.330524106747
0.330524106747
0.330524106747
1.62046747223
1.62046747223
0.296563037135
0.522269407286
0.522269407286
-0.341024356008
-0.341024356008
0.832559697019
0.832559697019
0.832559697019
1.50110358786
1.50110358786
-0.549818145696
-0.549818145696
-1.01463471153
-1.01463471153
0.24746845651
0.24746845651
-2.26778038886
-2.26778038886
0.578595832535
1.48300344937
1.48300344937
0.48287651058
-0.748100404198
1.81011559017
1.00612743963
1.00612743963
-1.17472754097
-0.784634570852
-0.784634570852
-3.8102611111
0.294488255475
0.294488255475
0.294488255475
0.294488255475
0.294488255475
-0.764701311315
-0.764701311315
-0.764701311315
-0.364233010477
0.052501096901
0.052501096901
-0.0178112388746
-0.0178112388746
-0.0178112388746
0.976274446968
0.976274446968
3.39770361953
6.50347509628
4.03453690202
4.03453690202
1.5741673881
1.5741673881
1.5741673881
-1.19528710076
-1.19528710076
-1.19528710076
-0.38450430414
-0.38450430414
3.35308626288
3.35308626288
8.50762100194
10.9324203163
10.9324203163
5.66869266298
5.66869266298
5.66869266298
3.41407082713
3.41407082713
3.41407082713
4.75271425134
2.33480299441
-1.25490721362
2.21481749762
2.21481749762
2.21481749762
2.21481749762
0.996804653406
2.32995897702
2.32995897702
2.32995897702
2.32995897702
0.846166479365
-2.1937837745
0.222591296465
-0.746090578238
-0.746090578238
-0.746090578238
1.21817108284
1.21817108284
1.21817108284
0.814197998655
0.814197998655
0.814197998655
0.814197998655
2.28338802395
2.28338802395
2.28338802395
4.25752435
-0.320210787998
-0.110589230436
-0.110589230436
-0.110589230436
-0.110589230436
-0.110589230436
-0.993147353882
-0.993147353882
-0.993147353882
-2.14243988404
-2.84733136438
-5.16507529701
-5.21760014426
-5.21760014426
-0.47819054221
-0.392067292463
0.467277260127
0.467277260127
0.467277260127
0.467277260127
0.467277260127
0.467277260127
0.467277260127
0.467277260127
4.60072141938
4.46803370922
0.209925162417
0.209925162417
0.209925162417
0.35277363021
0.0107390316883
0.0107390316883
1.96083276173
1.96083276173
1.96083276173
-2.55968955524
-2.55968955524
-2.55968955524
-0.107795014115
-0.107795014115
-0.107795014115
-0.107795014115
0.900166008388
2.32879986307
-2.06966536821
-2.06966536821
-0.550455402236
1.93417996335
1.93417996335
1.93417996335
1.93417996335
-1.88236209493
-0.879424959735
-0.879424959735
-0.879424959735
0.463881483697
0.463881483697
0.916610643217
0.916610643217
0.916610643217
1.11656072719
1.11656072719
0.635478125396
4.1767866612
3.59389551987
4.07573761146
3.88912443804
3.88912443804
3.88912443804
3.88912443804
-0.609568832147
0.682709844384
0.682709844384
-0.207561597502
-0.512192164526
-0.512192164526
-0.957393308877
-0.957393308877
1.13726974197
1.13726974197
0.0365950633213
0.554255825606
-0.199023279681
-2.80173257816
-2.80173257816
-2.80173257816
-6.66663456505
-5.38704110633
-5.12556068014
-1.54889603398
-1.54889603398
-1.54889603398
0.464201458121
0.464201458121
0.953119736878
0.953119736878
0.953119736878
1.70590132172
1.70590132172
0.210625998731
0.210625998731
0.210625998731
0.210625998731
0.210625998731
0.210625998731
0.210625998731
-0.998751708705
-0.998751708705
-0.998751708705
-0.998751708705
-0.998751708705
-0.998751708705
-0.998751708705
-0.998751708705
-0.998751708705
-0.998751708705
-0.00122688436747
-0.00122688436747
-0.00122688436747
-0.00122688436747
2.01146475657
2.01146475657
2.01146475657
2.73206966505
5.87348508805
5.87348508805
3.31443687643
3.72878823075
3.2223124638
0.994339854291
1.48491659166
0.463940274714
0.575580522506
0.575580522506
1.63659609681
1.02270951006
-0.987259058676
-0.987259058676
-0.628156862762
-1.49311050262
-1.49311050262
-1.49311050262
-1.49311050262
-1.49311050262
-0.902434889084
0.824763284521
0.824763284521
0.824763284521
0.824763284521
-0.2953196602
-0.2953196602
-1.68303060894
-1.68303060894
-1.42762202642
-1.42762202642
-1.42762202642
1.24178724505
1.24178724505
1.24178724505
-1.68470001227
-1.68470001227
0.0657200906738
0.856679112728
-1.21776250059
-1.21776250059
-1.47472317199
-1.47472317199
-1.47472317199
-1.47472317199
-2.21394645164
-2.21394645164
-0.760179480175
0.796575552104
0.796575552104
0.796575552104
0.796575552104
0.796575552104
-0.360229769832
-0.360229769832
1.67432016479
1.19774227032
1.19774227032
1.19774227032
-0.559593329206
1.13275037081
-1.12095847797
-1.43435563413
-1.43435563413
-0.670865723549
1.77080332474
-1.45005775688
-3.17915876741
1.7784494707
1.29885977519
1.29885977519
-0.899622171836
-1.67367490089
-1.67367490089
-2.72149488217
-3.56951020024
-3.56951020024
-0.634922879694
-0.634922879694
-0.634922879694
0.237291593565
1.79113026924
2.42809607047
1.48819847744
1.48819847744
1.48819847744
1.46208126001
1.83374983209
1.74070908581
1.74070908581
2.0209639256
2.0209639256
2.64907560299
1.04852346956
-0.985632161483
-0.60979389681
0.102164974282
-1.25124129075
0.885265726928
0.885265726928
0.414091446161
0.414091446161
0.438246999198
0.438246999198
2.51784669726
2.51784669726
-0.152386892917
-0.152386892917
0.145951563752
0.145951563752
0.145951563752
0.145951563752
0.145951563752
-2.86322036501
0.670729762625
-2.21898665259
-0.809105120726
-0.809105120726
-0.234644125573
-0.234644125573
-0.234644125573
0.76030321934
0.76030321934
0.76030321934
-1.14795752614
0.248630606777
0.595052871321
-1.79730461265
0.556817556999
0.556817556999
0.40092888161
0.199023738272
0.468179325634
0.468179325634
4.07838861952
4.07838861952
2.60683645577
2.60683645577
-1.12007415691
-1.12007415691
-1.12007415691
5.90235199112
5.69063427979
5.69063427979
2.75009437951
2.75009437951
1.22580596074
1.22580596074
-0.059863418516
-0.059863418516
0.971828999319
1.84339182361
1.84339182361
1.84339182361
2.52993805779
-1.03685720712
2.48643303647
1.05083456371
-1.73027971246
1.7011188276
0.294649197795
3.59175760456
4.62159246643
4.49964391326
6.2193814114
7.78032259502
7.13138825576
7.13138825576
7.22055595117
6.87436002218
6.87436002218
6.87436002218
6.87436002218
6.87436002218
10.101502506
10.101502506
9.85845429508
9.85845429508
13.6783422954
11.9484411334
10.5107797007
6.67011812338
6.67011812338
-0.105073107625
-0.105073107625
-0.105073107625
-0.451060291744
-1.47932995362
0.564235538125
0.564235538125
1.01324916798
1.01324916798
1.01324916798
1.01324916798
1.01324916798
0.957117552696
-0.469115545372
-0.469115545372
1.49285702901
0.681109654514
0.281203717342
0.281203717342
0.281203717342
-2.82379508293
-1.45649454367
-1.45649454367
-1.45649454367
-1.45649454367
-0.929158124592
0.67141412964
0.67141412964
0.67141412964
0.67141412964
0.67141412964
1.74652133028
1.74652133028
-1.76117534129
-1.76117534129
-1.76117534129
-1.76117534129
-1.93233302691
-1.93233302691
1.36039147754
1.69954135279
1.69954135279
-0.0256694290721
-0.0256694290721
-0.0256694290721
-1.35929617108
-1.35929617108
3.38676097671
1.59261325013
1.59261325013
1.59261325013
0.311272735486
-1.11306436438
-1.11306436438
-1.11306436438
-1.11306436438
1.22810676028
-2.12510004403
-2.12510004403
-2.12510004403
-2.12510004403
-3.94365649653
-5.63339755396
-5.63339755396
-0.281281178584
2.39840313423
1.81565830285
-1.10292811215
-1.10292811215
1.25264672706
-0.951209192081
0.620269983389
-0.984667240939
-0.984667240939
-0.984667240939
-0.984667240939
-0.984667240939
-0.984667240939
-1.82130486574
-1.82130486574
-1.82130486574
-1.27052381553
-1.27052381553
6.83091330302
6.94138612612
6.94138612612
6.72396487991
7.7518849101
6.09688824196
6.15867409117
6.15867409117
1.56819173718
1.56819173718
1.80093148178
1.80093148178
1.82874604847
1.82874604847
-2.70972095476
-2.70972095476
-2.70972095476
-2.70972095476
0.350102351101
-0.608297838148
1.08197749755
-0.437647465335
-0.127954731798
-0.127954731798
1.66262239624
4.75222560666
6.49049225747
1.41380408192
1.41380408192
-1.33906822849
1.08741695331
-0.554784845628
-0.554784845628
-0.554784845628
-0.554784845628
-0.554784845628
-0.554784845628
-0.467390581385
-0.467390581385
0.974374392421
0.974374392421
-0.376707719076
-0.376707719076
2.35298609975
2.35298609975
2.35298609975
2.35298609975
0.11519692308
0.541845064869
2.75340773327
1.18337439067
-1.58374905855
0.614885265899
-1.34242825424
-1.34242825424
-1.34242825424
-0.813064191712
0.975798316323
0.975798316323
0.975798316323
0.242944868268
0.242944868268
0.242944868268
8.5472559558
6.12455552464
6.58144861519
6.58144861519
11.8538202146
11.8538202146
15.2276887492
15.2276887492
10.698287938
5.51776005519
5.02535161187
-1.52801347939
-1.52801347939
1.16774317334
1.68781116903
1.68781116903
0.931783758626
0.480875363925
4.0674587649
4.0674587649
4.0674587649
4.0674587649
4.0674587649
2.04089396115
-0.912370249478
-0.912370249478
-0.912370249478
-0.912370249478
-0.912370249478
0.676083751363
0.676083751363
0.676083751363
0.676083751363
1.40598598882
-0.825465619746
-0.825465619746
-0.944197387871
-3.54428672761
-3.54428672761
-4.77812437883
-4.21727075474
-4.21727075474
-3.78139354227
-3.7873225526
-0.685004922046
-0.685004922046
0.95151588198
1.46299052272
1.46299052272
2.64159753146
-0.355864615038
-0.355864615038
1.32953995275
-1.11285050116
-1.11285050116
0.837307727113
0.837307727113
0.837307727113
-1.92568955455
-1.22258507522
-3.29139880156
1.4478591539
1.4478591539
1.4478591539
1.4478591539
3.92686166268
3.92686166268
3.01414078541
2.1386371418
-3.97160183908
-0.60802946073
-0.60802946073
-0.448070809354
-0.448070809354
1.47970352199
0.95721515034
0.95721515034
0.781900755174
0.996107098565
-1.08797033484
-1.77524323753
-1.98280980295
-1.98280980295
-4.03262628931
-4.03262628931
1.53455647127
1.53455647127
1.53455647127
-0.377287146847
-1.18135502035
-1.44077083128
-1.45744537979
0.740639792188
0.740639792188
0.740639792188
0.740639792188
-1.32926687068
0.462675798187
0.462675798187
-3.05867810397
-3.05867810397
-2.16227703117
-0.849552775024
-0.849552775024
-0.849552775024
-0.849552775024
-0.849552775024
-0.849552775024
-0.849552775024
-0.849552775024
0.39275369549
0.39275369549
-1.23789387121
5.03048356949
5.03048356949
4.4885342871
2.78186211354
-2.65192898774
-2.42755544159
0.822415780702
0.822415780702
0.822415780702
-1.17682210831
-1.17682210831
-1.35428854513
2.4884899906
2.25941297118
-0.144021117918
-0.144021117918
1.57089315287
1.91109676958
2.78580137738
2.78580137738
-0.151287263974
3.8646215721
3.8646215721
3.8646215721
1.03330642644
1.03330642644
1.03330642644
-0.424865415352
-2.76345103079
-1.50250515358
0.258763656377
0.682334261029
0.682334261029
-0.545287566364
-2.19536695302
-0.655629287301
-0.655629287301
0.157602522049
0.157602522049
-2.94073708928
-0.357685652299
-0.357685652299
-0.357685652299
-0.357685652299
-0.357685652299
-1.31772112621
0.672339130737
0.672339130737
0.0613777537901
-0.609449645995
-3.33726480777
-1.84722622035
-1.32746792233
0.131793150346
0.131793150346
-0.815678489723
-0.815678489723
-2.61584764582
-2.61584764582
-2.61584764582
0.122783185418
-1.04463961418
-1.68784094073
-1.68784094073
-1.68784094073
-1.68784094073
-2.12726258891
2.74828738042
2.74828738042
4.84636005557
2.55043715943
2.09419694948
-0.125599883942
-0.125599883942
1.00988587271
1.92391124389
1.41037544469
1.41037544469
1.41037544469
1.36205122343
1.36205122343
1.36205122343
1.36205122343
1.36205122343
2.41595789434
1.50567617229
1.50567617229
0.0696288968725
0.0696288968725
-2.91298798512
-1.85628932964
0.522011106529
3.41710044382
3.71359022122
3.71359022122
5.69296724798
5.75254101584
2.01702185809
2.01702185809
-1.34036421229
-1.34036421229
1.94000962562
0.751400900149
0.751400900149
-2.63408772184
-0.66492403757
-3.23280514927
-2.17596213407
1.710149642
-0.808462913065
-0.808462913065
1.19917610942
-1.66400854632
1.57561886454
-1.05482375122
-0.57909979066
-0.408295996075
-0.408295996075
3.00851543772
-2.15670065903
-1.6997388624
-0.435072432899
-0.198080218812
-0.00605670565808
1.01785543579
1.08918393018
1.17943329863
0.904492098139
0.904492098139
0.904492098139
0.904492098139
0.904492098139
0.904492098139
0.904492098139
1.02320719386
1.02320719386
0.867647787722
0.867647787722
1.98627486716
3.89473589758
3.3728523679
-1.78128327909
1.99320174738
1.99320174738
1.99320174738
1.99320174738
1.24985046503
-1.23841159319
-1.23841159319
-1.23841159319
-1.23841159319
-1.23841159319
-1.23841159319
-0.51609368825
1.46923437493
3.10835002887
3.10835002887
-0.65493944142
-0.65493944142
-2.02064875043
-2.02064875043
0.404865540392
-1.96505784328
-1.96505784328
-2.12849311785
-2.73915037275
-2.73915037275
-2.73915037275
-2.73915037275
-1.39279335013
-2.57708534532
-2.57708534532
-1.27919685697
2.00230481693
0.548192585203
4.21232190621
4.66675318423
4.66675318423
4.66675318423
3.55288418068
-1.48871390793
-1.48871390793
-1.48871390793
-1.17197691784
-3.46502012021
-3.46502012021
-3.77493740353
-3.72772258138
-3.72772258138
-3.72772258138
-1.23973118075
-1.23973118075
-0.947954439531
3.57314466335
3.8811216071
3.8811216071
3.8811216071
1.90116371081
3.7723105197
3.62256255655
3.62256255655
3.62256255655
3.62256255655
2.78676227236
0.601104740117
1.27822886789
1.27822886789
2.17584488776
1.53010863678
-2.88653537033
-1.88530295722
-0.991134495926
-1.64162777313
-0.560507060516
1.26910873884
-0.72570799469
-0.72570799469
0.51643940392
0.51643940392
-0.834580148338
2.5728841357
-0.291312581238
-0.291312581238
-0.291312581238
-0.291312581238
-0.291312581238
-2.66501287244
-2.7775022267
-4.54050024226
-4.54050024226
-2.40265381489
-2.40265381489
-3.24766271708
-3.24766271708
0.182443192141
0.182443192141
1.44595144275
1.44595144275
1.44595144275
-1.30573112023
-1.25468889012
3.06051727046
3.06051727046
1.84890720411
1.84890720411
0.592487536713
-2.54486287275
-2.54486287275
1.24438547472
1.93654876814
0.0940642764043
0.31991563602
0.31991563602
0.31991563602
-0.259930694887
-0.824808405095
-2.32232860214
-2.26294140241
-2.26294140241
-2.26294140241
-0.67591561005
-0.0308807936547
-0.0308807936547
-0.0308807936547
0.560705251304
0.560705251304
1.69085905868
1.69085905868
1.07662140741
0.167534816463
-1.28899959716
-0.85371078239
0.141833607025
0.733442835349
1.74074709404
5.97191023315
0.252673954539
0.776294901555
0.776294901555
3.93062202446
3.93062202446
3.93062202446
0.529494822158
0.529494822158
0.529494822158
0.529494822158
3.47383961289
3.37068340205
3.37068340205
0.706016581347
4.57570046038
2.85343246874
2.14467008504
2.42535194594
2.42535194594
4.9076170992
3.96544540179
3.96544540179
1.66200476378
1.66200476378
1.66200476378
1.66200476378
0.316384474523
-2.26609178144
-2.26609178144
-2.26609178144
-2.26609178144
3.64670160058
3.41487841268
1.10965831681
1.10965831681
1.10965831681
-1.9025907618
-1.9025907618
-1.9025907618
-1.43366415723
0.265189499233
-0.600061751535
-0.420872459813
-2.5318043382
-2.2913451102
-2.2913451102
-2.2913451102
-4.35324000478
2.44260962657
1.15546258982
1.15546258982
-2.42296795049
-1.55152194186
-1.55152194186
-0.916496681816
-0.916496681816
-0.916496681816
1.48934344895
1.48934344895
1.48934344895
-1.23091191043
-1.23091191043
0.867138160168
0.913979324778
-0.124443192112
1.63227909936
1.6059770039
-0.508101832312
0.875013230029
0.875013230029
-0.574669074467
-1.68688557186
-1.68688557186
-1.68688557186
-1.68688557186
-2.57145486631
-2.57145486631
-2.57145486631
-0.948350995794
-1.47404215156
-1.04600795987
-1.04600795987
-1.04600795987
-1.04600795987
2.86772737989
2.86772737989
2.86772737989
2.86772737989
2.86772737989
2.86772737989
0.863597108017
-1.50583862232
0.947232539516
-0.184851613709
2.72875321357
0.882185625032
0.882185625032
0.882185625032
0.882185625032
0.882185625032
2.74458366116
2.74458366116
2.74458366116
2.74458366116
1.9746709432
-0.867122880783
2.4219160574
2.4219160574
1.95668380236
-1.43753453662
-1.43753453662
-3.06748940328
-2.29503826931
-2.29503826931
-2.05577505162
0.725830773604
1.96059783604
0.483059551776
-0.196792187767
-2.37300520858
-3.54365564546
-1.927257906
-1.927257906
-1.927257906
-1.33741230204
-0.971565714264
-0.971565714264
-0.971565714264
1.20125032169
2.23706317466
-2.23112660626
2.17510675696
4.9506252228
4.9506252228
0.217018324537
-1.23720615891
-1.23720615891
-0.322238636854
-0.322238636854
-0.322238636854
-0.322238636854
-2.42393179378
-0.238812702781
-0.238812702781
-0.238812702781
-0.238812702781
-2.84712762241
-2.84712762241
-4.27121889189
-0.185755338579
-0.185755338579
-0.421838660145
-0.421838660145
-0.421838660145
-0.421838660145
-1.5585162485
1.31265017181
2.22741707019
1.40411044386
1.4900155259
1.4900155259
-4.96753430585
-4.96753430585
-7.5949447543
-7.5949447543
-4.04189956005
-4.04189956005
-4.04189956005
-4.04189956005
-2.7712187196
-2.7712187196
-3.96323565298
-3.96323565298
-3.0201923247
-3.0201923247
-3.0201923247
1.17423210511
1.17423210511
2.31289026689
2.31289026689
3.10760884197
3.10760884197
3.81746678938
1.69546118395
1.55634994982
-2.72664209071
-2.72664209071
-2.72664209071
-2.72664209071
2.81117208019
0.21758882886
0.21758882886
0.21758882886
1.073444783
1.073444783
1.073444783
1.073444783
0.550336458586
1.43524241801
1.43524241801
4.53894929177
-0.832123121278
-2.79527942737
-2.79527942737
-0.83239250768
-0.83239250768
-0.83239250768
-3.55288269835
-3.35669936808
-3.35669936808
-2.55053471987
0.828570931238
-2.61443236289
-2.61443236289
-2.29956031395
-2.29956031395
-2.29956031395
-2.29956031395
-2.29956031395
-2.29956031395
-2.29956031395
-4.89628878771
-4.89628878771
-4.48392306551
-2.63709742191
-2.63709742191
-2.63709742191
-0.98986688984
0.759690826816
0.759690826816
0.759690826816
1.31823508124
1.50609138685
-0.401250682866
-0.401250682866
0.76156166161
-0.0154423209321
-0.0154423209321
-0.0154423209321
0.756880129478
0.756880129478
0.756880129478
0.756880129478
0.174641406882
0.174641406882
0.712153771088
0.712153771088
0.712153771088
0.712153771088
-0.601716203477
-0.601716203477
-1.33606921281
-1.33606921281
0.00469407364026
0.00469407364026
0.00469407364026
-0.339010361123
-0.339010361123
-0.339010361123
-0.339010361123
1.62447757182
1.62447757182
0.853640775088
3.35336838407
3.61275143583
3.61275143583
-2.4717919984
-0.784699756967
-0.784699756967
1.82108537184
4.2101136509
2.62797808083
2.97012126847
2.97012126847
2.97012126847
2.97012126847
-2.149885168
-2.17225481463
-2.17225481463
-1.25999635253
-1.25999635253
-1.25999635253
-1.25999635253
0.406454878354
1.92556431427
1.92556431427
2.38715840897
2.18555189752
2.18555189752
2.18555189752
2.18555189752
2.18555189752
-1.73026627508
-1.73026627508
-1.73026627508
-1.73026627508
1.42134486516
1.23210362833
1.23210362833
0.477595132467
0.477595132467
0.477595132467
0.477595132467
-0.100444364447
-4.29198361185
-2.44119845337
1.60547171272
-3.06682444525
-0.577665972766
-0.577665972766
-0.577665972766
-0.577665972766
-0.577665972766
-0.577665972766
-0.577665972766
-0.577665972766
-0.577665972766
-0.0365690653394
-0.0365690653394
-0.0365690653394
-0.0365690653394
1.23355639042
-0.979286921019
-0.979286921019
-1.26916944333
-1.26916944333
-1.26916944333
-1.26916944333
-1.26916944333
-1.26916944333
-2.16035704313
-2.68984323795
-0.484402073011
-0.484402073011
-0.848667108598
-0.848667108598
-1.16392517274
-0.759650982026
-1.67752032694
1.69242677032
1.69242677032
0.0311229394793
-0.397011291973
-0.397011291973
-0.606743459697
-0.606743459697
-1.61237294305
-1.39625474975
0.567895523202
0.567895523202
0.567895523202
-0.932261248824
-0.932261248824
-1.12658043351
-1.12658043351
-0.234961451208
-0.234961451208
1.15357225891
1.15357225891
1.6042813263
0.164561050539
0.164561050539
0.433828948197
0.433828948197
0.420485444024
-1.41443337413
1.4873373146
-3.47936453937
-2.3926831595
-1.54070707382
-1.54070707382
-1.54070707382
1.77546939512
1.77546939512
1.77546939512
1.77546939512
1.77546939512
0.522278780069
-0.0211282700766
-0.0211282700766
-1.64749638369
-1.08491459325
-1.08491459325
-1.08491459325
-1.08491459325
0.568876276799
0.568876276799
0.568876276799
0.568876276799
-0.530970420748
-0.530970420748
1.95169136581
1.95169136581
-2.07756202559
-2.62093967811
-2.52389102265
0.494667083879
0.494667083879
0.750779113695
0.750779113695
0.604464405641
0.778241699913
-1.54164067518
-0.0844046581518
-0.0844046581518
-0.0844046581518
3.17671373243
1.3874175224
1.3874175224
1.3874175224
0.299687487432
1.07714284827
1.27433100269
1.27433100269
-4.52584488029
-3.66515216676
-1.5820888321
-1.5820888321
-1.72587567982
-1.72587567982
0.348305945251
-1.99733230723
-0.231533041647
-0.231533041647
0.905150996946
0.905150996946
-2.20195740047
-2.00299044861
-2.00299044861
-3.86487097295
-3.86487097295
-9.29749442128
-6.8211056116
-11.3274346612
-11.3274346612
-11.3764571947
-9.22072640023
-6.2339132916
-7.70987825818
-6.84323056264
-9.3321786704
-9.05781097546
-7.64555558318
-10.5799990212
-4.05385446363
-2.30260182872
-2.30260182872
-2.30260182872
0.872402678925
0.872402678925
2.13914287692
2.13914287692
2.13914287692
3.49650337624
4.19665105877
4.19665105877
-1.28775671162
-0.839732574093
-0.427053386877
-3.42691796812
-0.498361038251
-0.498361038251
-0.498361038251
-0.498361038251
1.4785825746
2.58320319155
-1.63566392796
-1.63566392796
-5.27064056935
-0.301915683172
-0.301915683172
-1.80833317762
-0.0795072191889
-0.914766040342
-2.63855802667
-2.63855802667
-5.25593289802
-7.10486992688
-7.10486992688
-2.13125576621
-2.13125576621
-2.13125576621
-2.13125576621
-2.13125576621
1.64293157448
1.01033023429
8.45903162268
4.47666471768
4.47666471768
-0.94182304652
0.55152471432
0.411333847135
0.411333847135
0.411333847135
0.411333847135
-2.40000898003
-1.72918630848
-1.72918630848
-2.60433511116
-0.970925047887
0.424958557137
0.424958557137
-1.37613584685
-1.37613584685
-1.37613584685
-4.12648405483
-4.12648405483
-4.12648405483
-4.12648405483
-3.03345543465
-3.03345543465
-4.79414678206
-6.75484762225
-7.65522721557
-4.89704373869
-4.6670590691
-4.40045854561
-4.40045854561
-2.7953291246
-1.7611537939
-1.7611537939
0.441561930617
-1.25939881298
-1.25939881298
1.60867398243
1.60867398243
2.13305318975
2.13305318975
1.59231891949
-0.838664675845
0.72412945559
0.72412945559
0.72412945559
0.72412945559
0.72412945559
0.72412945559
0.72412945559
0.72412945559
-2.23755692329
-2.23755692329
-2.46619654211
-2.46619654211
-1.86638436074
-1.86638436074
0.172557493181
1.04528752834
1.04528752834
-0.108060871793
-1.34475210094
2.37948621555
0.534580141721
0.534580141721
0.534580141721
0.534580141721
0.534580141721
0.534580141721
0.534580141721
-0.979877957497
-0.979877957497
-0.835500281493
3.29988617225
3.29988617225
3.01974680355
4.3912680922
3.72004089562
5.31677674747
7.47830632818
7.47830632818
7.47830632818
5.47358135649
5.47358135649
2.97145734259
2.97145734259
2.08487391135
2.08487391135
2.08487391135
2.08487391135
-2.23303381802
-2.23303381802
-2.32672176047
-3.15167630981
-3.36643304657
-3.36643304657
0.33902653822
-1.55311386921
-1.39159545441
0.0766495425531
0.0766495425531
0.0766495425531
-0.569963473164
-0.569963473164
0.105392961986
0.105392961986
0.105392961986
3.89129040972
4.07113489401
2.45351904139
1.15114185812
2.27013246026
2.27013246026
2.27013246026
1.1232521197
5.23583163872
5.23583163872
5.66931728833
2.55672658092
2.55672658092
0.227325238717
0.795476685811
0.795476685811
0.795476685811
0.795476685811
0.795476685811
-1.67322073433
-1.20334277779
-1.20334277779
0.88742518905
0.88742518905
2.51547825373
2.51547825373
0.725408539583
0.725408539583
-1.47330530017
0.58136615377
6.31154160479
6.31154160479
6.31154160479
3.01414578071
1.35087732804
-0.110209312256
1.76812858038
-1.0408716463
-1.0408716463
-1.0408716463
-1.0408716463
-1.4609113389
-3.00978709008
-3.00978709008
-2.38594300896
-2.38594300896
0.103310918497
-0.702570292557
-5.44162284523
-0.577929782488
-0.577929782488
2.286888823
0.27088002686
-0.865147658179
-0.865147658179
-0.865147658179
-0.865147658179
1.10342890643
0.82797038909
0.82797038909
0.331602751025
0.331602751025
2.04920397039
2.04920397039
2.04920397039
-3.96136760038
-1.52859946675
-4.08743750945
-4.08743750945
-2.22292195139
-2.22292195139
0.129953712553
0.129953712553
-0.548513063149
2.0956406082
1.83771903955
2.2079766749
2.2079766749
3.30261454461
-0.76342738021
0.138050594344
-0.922658465225
-0.922658465225
1.74117448576
1.59796774865
-1.97760501522
-1.97760501522
-0.128580408318
-0.128580408318
-0.128580408318
-0.389628555724
-0.389628555724
-1.32016210232
-1.32016210232
-1.32016210232
1.40384204638
1.40384204638
1.24369341204
1.24369341204
4.05419125452
4.05419125452
2.22942527066
2.22942527066
0.590604337849
-1.99902032638
-1.34361595034
-0.419244530008
-0.419244530008
1.81134413755
-0.199048765989
-0.199048765989
-0.199048765989
-0.199048765989
2.72156996418
2.88142255663
2.88142255663
-3.25095361862
-3.25095361862
-0.991757349956
0.964497047335
0.964497047335
0.964497047335
0.821317033209
0.821317033209
1.50238841948
1.50238841948
1.50238841948
1.50238841948
1.03219743865
1.03219743865
-2.2915685888
-2.2915685888
1.98193474556
-3.69791372954
-4.70073722423
-3.48573508025
-0.915024259065
-0.915024259065
3.63753004207
1.38407865973
3.7729538678
1.59142783204
0.918953343566
0.648154931145
0.648154931145
0.648154931145
0.648154931145
-1.36413624912
-1.36413624912
1.42637679969
0.479950982079
0.479950982079
0.479950982079
-4.16854611604
-4.60245509649
-4.60245509649
-6.18623306322
-5.90088597306
-3.03775394092