0.8462234774347726
0.9439593048890286
0.35144231024502315
0.7936735271716557
0.043240347236762955
0.47779738728796883
0.0037972377819722736
0.30725428057560755
0.8111211011064695
0.33176062601909073
0.8680527987304721
0.6930865516323929
0.353791370160061
0.8726671281152912
0.6992214078471339
0.2548513979153365
0.025962519284082997
0.3120375575280062
0.6450044767696934
0.06424398712457813
0.3053716991093728
0.23506421103098263
0.11559660201953137
0.42207420198190126
0.4928564102664176
0.7836389799290873
0.7801638990552499
0.13474587538408278
0.9934402931052783
0.6680258336050331
0.18140587371739103
0.13018247692239548
0.674023409338165
0.5535650959173479
0.08025383612737669
0.37105464860408743
0.7766164526893148
0.35981792662790435
0.5257014910972624
0.27381774802170633
0.9245075679942374
0.718093048234287
0.3884796769863911
0.42437736091626455
0.5114724913781314
0.5306454241864228
0.7030297578391255
0.46565053556628966
0.7088667290401659
0.6744466597477627
0.17852261940801006
0.17710007995256016
0.44534351086444324
0.183905960483571
0.9860292606570574
0.2842201055075084
0.9861426347600301
0.22367800331184928
0.23479723620314508
0.9375432096278815
0.5366214755525127
0.7674671171243926
0.03392853328387613
0.9481067369909825
0.08824843547176342
0.8617570690146327
0.37645414463609084
0.9436582588146314
0.740586261282659
0.44325774473583723
0.5939642012712508
0.8862020278863967
0.9499110944478514
0.042048446511247506
0.26314889841434297
0.05945314086174358
0.4630262465009488
0.10565330545243845
0.027115099242255192
0.6835422992954744
0.871721756303119
0.1306448619342302
0.466943985574756
0.09178825691555703
0.05978895641246795
0.7399545065634896
0.7173578471433086
0.32291953169429854
0.3159336618378993
0.2578833547324839
0.7924185267085317
0.5185960573687489
0.5859303366428824
0.6436351386712615
0.6248253540599272
0.3447968411150806
0.8931566108251418
0.5654275359409815
0.007414716864413307
0.216774911507695
0.4310703986861617
0.623912798405308
0.9979753996882756
0.7882287289718021
0.7128416804820682
0.6477745061768985
0.5706379944472108
0.8279289060182743
0.9538968831136331
0.3629555118365765
0.18291831290039418
0.9399947541745162
0.0844619720109765
0.7439136154539274
0.8757151438380699
0.9706101144282084
0.9189178364209315
0.016681168727907703
0.09971856170932492
0.20078992174512644
0.7780955573641318
0.024197491296421014
0.7424248308291481
0.8589890363755622
0.10752068029582595
0.4561985095959964
0.3349766877500445
0.997985034549003
0.190002674852347
0.46408755597694074
0.9245790899345508
0.7757968900784282
0.06238685665452248
0.837234037339502
0.42967044298265633
0.9966993005425973
0.63965203960301
0.8278919913630598
0.17685941552335682
0.2890021172647821
0.7115678962816243
0.7436584039371786
0.5838320703796537
0.41311186514609954
0.33968531497469734
0.9607867174929277
0.17631160048845107
0.4096089994718837
0.29981293345658344
0.621432933507739
0.9350382462876703
0.18372188290122649
0.008712400305895485
0.8103292477153378
0.9739643805258728
0.9676391627247778
0.37612806232965756
0.7974925327955117
0.2766769753434112
0.27528318805643814
0.6614160760431589
0.09805380078398496
0.3902027399088318
0.9496550648555917
0.8868591607157259
0.9842643902880112
0.6900055490036743
0.26507678947890234
0.4399756875335552
0.8363780414654193
0.16167855600037773
0.7506278002358234
0.8686180953490572
0.4646910286447743
0.46924063202086164
0.515774457313297
0.10075079994549407
0.33032791870345735
0.9654735362258735
0.925259867031377
0.5762475957637321
0.9915503856262307
0.7445100590374899
0.458351004898477
0.59020614345611
0.01624832281973143
0.768226892271434
0.4080721022747468
0.929353934143219
0.9374621760065328
0.7271701982018265
0.7241439413365008
0.75769657421467
0.08704514116689444
0.6246803781627169
0.31420983751812304
0.9928598455967602
0.7962608928501526
0.4600900857559186
0.5849804481586969
0.7401611914877904
0.6143411812840877
0.6948316812935145
0.1742150466667065
0.3372308826310194
0.16271877342344498
0.009573515917976061
0.7408179010287412
0.7306325227724881
0.31629998575315355
0.4034503288994217
0.824542192448056
0.948624568290424
0.6678724402324643
0.03022273605842729
0.4076087251226995
0.31031533915128395
0.4944842932302602
0.45101487421646935
0.37047630480325644
0.6665032277741435
0.3003931160683013
0.5198453048084177
0.4107921619804853
0.7957077707227508
0.4020339803211809
0.9506755648607643
0.7517970264871462
0.28989732496376763
0.4010520828914126
0.06412862019816179
0.5203723994968121
0.7465018224917996
0.4153602221821394
0.5641851216354126
0.5617297456173436
0.7729346602766167
0.7458933486802835
0.6729356374634228
0.991302468078856
0.4111836102037103
0.18620511931302164
0.3774330380051115
0.5055462169409396
0.2411576384818449
0.6879159790569634
0.24449829986099514
0.2163440641659531
0.81829364470936
0.6346537753752685
0.959376678215463
0.5094759332774547
0.600409087258263
0.7770501786924031
0.9395326112285717
0.7225906037931368
0.8339711113501401
0.03897467209352257
0.989171066710836
0.1051681528778241
0.7741486276319127
0.39909551978672153
0.42486756890360655
0.27339283144795923
0.27517728757844984
0.8745514852192147
0.3715087611319553
0.420748143974518
0.03763740809260052
0.005106153150453152
0.620496780481055
0.340598982051862
0.10784326487745488
0.19743303553538316
0.5337213089917885
0.5260145600324863
0.17207397636614186
0.04173446890286625
0.9034829020058528
0.5369761860260007
0.4283992846176363
0.4210069043898308
0.9755822048245911
0.21789252566273543
0.19858908762833227
0.9042802144694327
0.5606282549335658
0.3729039863576139
0.4409889746096287
0.1495037756587857
0.7066161202372507
0.8725250118941714
0.04062852037052467
0.1429231580958944
0.5770208997215198
0.5908683393449139
0.5819819563896534
0.9485501762526167
0.5431205982250685
0.21046430853906584
0.8803335606898613
0.9813615789320554
0.48213950941999906
0.4852660210634234
0.8594705804859165
0.41391034418828
0.13970036407741915
0.9935065787633068
0.2999116962256978
0.5430277006545263
0.4708387855675402
0.5512975783642272
0.8408364736780678
0.043264703821512596
0.55905495684411
0.21909249266995579
0.8300692721786155
0.2604586552806485
0.5541579211231921
0.7893240370178314
0.6138671451614343
0.5331059987821677
0.12867800535582563
0.5804625814834392
0.19170532552870223
0.2503537751349678
0.780603809464006
0.1066119059804197
0.4376399453638006
0.5255718524244567
0.5355097992061052
0.319912783317554
0.6934876792151747
0.028715337398446006
0.454772246140529
0.4481372821468439
0.8513682135107835
0.6506825558748824
0.9933213113686357
0.22077122276858385
0.6786983648366569
0.7231189538505074
0.8856259422465136
0.5970272139854383
0.5556796949238962
0.22939252226414064
0.6401639880260438
0.5321954727204761
0.8953561213857918
0.52477553117104
0.1437533722447223
0.9200963390361695
0.6709886967066806
0.7804854205765561
0.8885874018427095
0.6667134051239842
0.16798693785029528
0.46542652463850764
0.212835117635088
0.5742112005443607
0.17606984354108068
0.37528353783020596
0.7019750836866367
0.7707098139138006
0.6227287385191239
0.48349431174991164
0.1887570043243587
0.5889287616927222
0.16985414264923349
0.990840333585904
0.18398885640528906
0.27119019718073034
0.02850268427049174
0.13703720417216447
0.4169211409596555
0.24891915856909996
0.520389519999457
0.9928413500114618
0.9756319230691199
0.14879879294203657
0.5725999380223706
0.14248752033244294
0.6345136495915172
0.2228770465625387
0.6210376927471191
0.2367331626261343
0.35349388350417754
0.8336349579667973
0.2389100185707943
0.6523745062770877
0.18225047261340643
0.2940307685030634
0.16133290898106156
0.8297463329422496
0.7520913278872682
0.8774706181349775
0.8245903924149004
0.7986775634749126
0.5652631979032134
0.14546432812987364
0.8756692332487839
0.8151916347025452
0.8791297027729407
0.31209730398426494
0.7891124865929325
0.7187665468213985
0.9757693484531711
0.21363885126134696
0.3593838327897575
0.9223240997806562
0.1338085956412316
0.3599042337491851
0.8929396046445028
0.8784374479576338
0.7433860456553312
0.3039383943174383
0.7537200802547228
0.993611704742982
0.561400821067816
0.016602188804389795
0.8172401006402313
0.624212922221394
0.40471204726111265
0.7645865667983697
0.19685962846930727
0.19806222635472082
0.31772948597723205
0.5064757969361572
0.5943896792454242
0.32422813676012663
0.25261506109923315
0.6293432066661543
0.1837574226052906
0.7332591861212769
0.4427858236945176
0.38456527631053383
0.8699003450491419
0.01974448304797516
0.07704793701004631
0.603272569415913
0.7409294526623806
0.4718339388280751
0.3025419011532289
0.05287093768363227
0.02464079647531947
0.6735682163610963
0.03207993272542897
0.04559256041648263
0.38971620091289316
0.5131392696800307
0.23979289444161145
0.06960411165236802
0.7422125127535935
0.3396995313515139
0.725815063479399
0.3003301161713511
0.12852769258305796
0.37521668425680677
0.4395642222438737
0.5880728661045159
0.5148620200824893
0.2238280859419377
0.41416571681085457
0.8543936120037111
0.6584613808616977
0.9656893494454593
0.41083014454940303
0.5393213057491517
0.7489100064987175
0.4680047451784195
0.6980435522552441
0.560670060847671
0.5566176163937373
0.7385022878879249
0.7973487783258613
0.6478724279700794
0.628432807743061
0.014274742546039998
0.12448399498619334
0.2241438227005208
0.15923546411118417
0.6203534134685208
0.2576177998514865
0.739915644275807
0.06748878022907456
0.6400455097468047
0.4721464984673943
0.9697732950314107
0.10619834803563433
0.36365668555832054
0.984459051573863
0.20276596930767377
0.6850834153012633
0.5768388789552351
0.8552724311149649
0.11747406658347803
0.9440532716135074
0.5267160253695936
0.24278897613880335
0.708111615011669
0.7094531922297317
0.8683378661140292
0.5485607132930886
0.6359494670925271
0.9194158578522768
0.2995031237357275
0.8393127892432235
0.5642437132304049
0.7294408608476093
0.29386764100571017
0.8874377946375106
0.7880521003538635
0.5304199276055066
0.3012983115003799
0.2489169213333997
0.6594594767273193
0.019720737257604815
0.7602748483092151
0.47916475265744585
0.16625696088568254
0.6647346118202433
0.09549921499773106
0.8795896893262811
0.2504980357294504
0.4354198280226963
0.13681432429725815
0.5636651215238184
0.6842862072806963
0.15473045578977462
0.4594463853464599
0.05581122500316449
0.34215828935940873
0.7350718664764722
0.8192184182547935
0.5445772320262354
0.7658819161460483
0.33046740088805315
0.119913807033586
0.7660923787089429
0.9712940355754919
0.29295958561963387
0.954244121788962
0.16332520161430408
0.20184728633858662
0.5671920304172262
0.04173814752025562
0.01819711774564725
0.30735185311142177
0.6767488884187914
0.12840339064434259
0.3470648835626806
0.40243889828855206
0.5649385605127695
0.7505563915119265
0.9580976810513562
0.436298033140903
0.8788039715997888
0.09048591618203838
0.7842103907133676
0.37948752476145264
0.3854439187571441
0.13874134268095295
0.7482321341509739
0.32707668311434124
0.46920852624437137
0.5458954204135091
0.13176625177659596
0.5265825112489454
0.14939187589648228
0.4233466722757442
0.42275086325151523
0.5744912865464389
0.24803285204252645
0.3992328410348145
0.1964395814294272
0.8532374180776471
0.9105055422336327
0.7907481666511478
0.4143808772022761
0.02592233768163177
0.5646192023932746
0.7085423140870927
0.7740768634350588
0.8723668151155426
0.3682072383228969
0.5995441427862552
0.9599643545924506
0.40399070298940953
0.8474060367873658
0.3987545091192005
0.3295289607736164
0.44379173846289355
0.27314738350362044
0.35187091929319947
0.7751294260974039
0.7439858144734345
0.7590111495764816
0.12895537065031193
0.5686491353144661
0.5440024030114448
0.24634885642263538
0.36168965499283157
0.7413793025052656
0.600066005213948
0.02635578929556459
0.3585299666361359
0.22859955734313697
0.5042697705076945
0.17971460703930964
0.5456786530869517
0.669644148192367
0.5858928386940374
0.0771042164197876
0.6022585887302462
0.225171327727832
0.85850613808981
0.3630130601734348
0.5764857900656785
0.9361334364502473
0.5340769435110283
0.4582827672122882
0.33139880280575607
0.8269032066157795
0.9365894605629472
0.8067311915657617
0.12976050207687895
0.5194221005483639
0.6816324859775732
0.7468346756482231
0.4936404171892502
0.7538286387697678
0.848776336854313
0.8610054958484445
0.6842994411030512
0.7292617879203934
0.5676801634296361
0.7749703041976888
0.9583800561340633
0.21421508217748775
0.8554866360320377
0.37814336473797217
0.8136028487244453
0.21287383013227867
0.695680823955369
0.1689553219176283
0.5434267254206739
0.5858597290613936
0.15202964785133977
0.4351538839184187
0.28624367853197097
0.7942477078390293
0.39385879341112817
0.6398618102765061
0.977892041632939
0.06729498207072071
0.49200021988697507
0.09596011509670155
0.5320769462318893
0.6749915822744621
0.5193220510696352
0.32978706528457313
0.06439184121916164
0.9957781712481454
0.7487708973045796
0.12158315771110184
0.21965020051573958
0.5996386118443482
0.5962939398507433
0.2851993884940922
0.2417040608789841
0.15306203076832992
0.5548429241781152
0.8631447146968145
0.851095651678356
0.002086390934299409
0.8251724275803634
0.3434133575390882
0.9896389900800775
0.42104680873887523
0.038965290126728
0.022544707140642273
0.03459695496983384
0.9679825498123731
0.05506006567719757
0.7265383997781223
0.07194361982150277
0.6612881162889083
0.5236620862213975
0.42485921060161647
0.012901502097404038
0.2698877897107992
0.23508234314762777
0.20167576979733526
0.42500638034067484
0.550448488734078
0.8406268378638325
0.17509937137063347
0.798936275100825
0.7822968102388004
0.6278270729935563
0.7011013349790025
0.41002528064193133
0.5631409773880697
0.08059723696863963
0.49670352707227206
0.9825155436945366
0.6464280094135026
0.5047957918374701
0.0812794132926038
0.3429005194251301
0.6764786216377946
0.823414521170608
0.27782928232821347
0.6271829838459724
0.8691737060954181
0.23452998502322042
0.6468504034312317
0.044103259456176436
0.7018160051220353
0.9246493470093718
0.8219389611593751
0.46106589851014945
0.9475370668983656
0.888154752019711
0.594317154608188
0.39700617763562707
0.14958433902192858
0.9290862138383257
0.3795202139466425
0.957308565689112
0.4831606127735165
0.796058306258751
0.8362038758182634
0.5817352410282093
0.035990472772690185
0.4552040733836158
0.7403306497812474
0.30675266342703544
0.9408290161910983
0.9041597778343381
0.42934403231431983
0.0856685596515172
0.7989373840040745
0.12151588791543622
0.619597740846707
0.603295667426158
0.7068762101462854
0.9475140830911535
0.8726236096689063
0.4915872435370473
0.636619452077123
0.5396893110119092
0.07987981802110711
0.7345858404102122
0.22334608080384977
0.3324945456669778
0.3644133700394897
0.6566655874521783
0.20850475108000222
0.7662682863013885
0.19271490849211592
0.5197487311327736
0.2502503730310027
0.8950905906284432
0.38461209196735646
0.9462455907608645
0.7769143779654527
0.43819860205707595
0.2742333437678499
0.10573692016611858
0.47715790234892796
0.49283425049991025
0.521357594588154
0.08543311185474234
0.8766774192187193
0.5585407624820503
0.5087671034249981
0.6897008712102379
0.24580216961154566
0.5478049994029475
0.3873494422179464
0.5865200385528692
0.6319681546855087
0.9159768507821493
0.6659452719276875
0.8665404078582212
0.34495079078826096
0.41911558405923377
0.7321141250120725
0.9010042130772293
0.031213110593417803
0.7296925775851695
0.12963291754372708
0.20218049471412158
0.7702235128634313
0.8667567391798373
0.39219474348535466
0.3600908194223901
0.7641549189369837
0.0767207218487761
0.8629246215016657
0.8421780334599821
0.9290184380331095
0.24705030910772596
0.9226669959751497
0.5800577464506839
0.5983032228014437
0.11653394701054132
0.5894458854497225
0.9143959971327121
0.8406473009287464
0.8288223010572567
0.7562539557569784
0.7834032874157549
0.9382875524007699
0.6488118487276698
0.05280187763258648
0.3310513275884369
0.06672466603981264
0.115965833599175
0.366632310893689
0.24963786628706275
0.15489038569532432
0.9112523982231002
0.42624528251328475
0.41741953414296307
0.03709833676806151
0.7215534676009976
0.9279168731733252
0.2819248187262593
0.5397213454453276
0.9659700244260699
0.2563060960415804
0.5471895209056049
0.8781779209342072
0.04084530247512708
0.8452260806207724
0.6198029142210909
0.384471677788646
0.42342957948024285
0.5146712458988161
0.058870926032713045
0.5776082269050263
0.9434153282944164
0.15375566657500284
0.4966158367307415
0.5691089890117897
0.3444118770986412
0.8301752395102737
0.3895839186416018
0.056375038144038325
0.6361902036449372
0.747937871243005
0.0024274592643059867
0.6510259132554935
0.38123768775701206
0.7218712857442486
0.3117379367189542
0.39147838972582116
0.35766485397313286
0.9348421200899594
0.067829067030863
0.7033205948678198
0.43431868957971154
0.5551214726229824
0.8976589054292609
0.03377301282214773
0.10362161707924755
0.9220485416098336
0.5171372779804468
0.14176596197650082
0.43516314187557237
0.979708707837613
0.3513736935821681
0.6087507764015021
0.5722166028631965
0.38111786943638093
0.25614912060171113
0.2889495813233648
0.029998877169335914
0.47605916307352913
0.16791772571153063
0.5979274558796531
0.1969738927462985
0.5396727513067788
0.8030273290238319
0.5927595955919565
0.25593141306361555
0.6162209445929642
0.1419544879214113
0.10864377773829093
0.4412263600859493
0.0603230255889714
0.3793282075787259
0.23014124444252315
0.8439338111035942
0.7928104067776715
0.2765526918243105
0.18923043125410877
0.11545090814123127
0.11105007609580864
0.3817155840940306
0.20988399532649116
0.9132446336463466
0.3143734580338642
0.13388526672325263
0.5529162286292488
0.4406968697166891
0.4671847787662211
0.9660148426644543
0.5913715797045925
0.6487929852049783
0.4342818408405271
0.963971098091561
0.11861682975994492
0.03967880700235393
0.0848003256758062
0.9540576590194235
0.5702844664014726
0.631532376291602
0.701871764896295
0.18236427962143809
0.049592273443875956
0.18472250562231007
0.5114707832667088
0.24840763751528527
0.35880196476209403
0.5735431548367668
0.15518048344470636
0.65212786980068
0.35110268581039916
0.06727480660916552
0.9372380407343863
0.6271690630062254
0.8143149171480004
0.6175399959152861
0.3125130185808648
0.5731763236326065
0.5066728115161251
0.38953161821763804
0.2366400570706627
0.02725391488355955
0.6159381785659123
0.08097157878041439
0.2009615773149599
0.44676643205831923
0.6910941908938603
0.9157204865636269
0.667806535953317
0.3599857304185756
0.7806622062372341
0.14991935252776956
0.7250245893564046
0.13199210434362385
0.0383957945926694
0.1926914213275801
0.36139606437132543
0.8081321094143703
0.3170869548767029
0.26693495979627335
0.3343033328286745
0.11677153379800842
0.8143522350207537
0.3765011466645095
0.5674576844269295
0.0646372267946086
0.13664343548532376
0.37314812687618537
0.3454175692866778
0.40248418288244203
0.2900204724034341
0.37064022945151587
0.6013289232109368
0.7312700415449653
0.897119281884056
0.4531900242172172
0.13347050882065603
0.1644402876445097
0.36794378911607606
0.03095680283771962
0.6591036688962514
0.310327909086512
0.13717942866638877
0.40916996746644085
0.5647509189727908
0.5596812102325857
0.6403807970528774
0.6842154620152948
0.4708122007129433
0.44581981585117547
0.08502751749191517
0.3666010575340345
0.34808242566767744
0.5401372470287695
0.14707085057956093
0.12030413955714281
0.35368160106671087
0.6030114587191053
0.5157624612251693
0.6345252098204489