-7.404434197417819
-7.404434197417819
-7.404434197417819
-7.404434197417819
-7.404434197417819
-7.033931325411456
-6.739015228479101
-6.795915918948948
-6.248092670092196
-6.248092670092196
-6.248092670092196
-6.248092670092196
-6.060407298439363
-6.060407298439363
-5.508858606387172
-4.740136034392282
-4.1339042653161915
-4.036384824444547
-3.920187939910613
-3.8062324295415717
-3.6986367026230598
-3.6986367026230598
-2.8311117660876084
-2.776713197198674
-2.182085231578863
-2.0976937215825284
-1.6063697458188193
-1.5299752004542704
-1.5299752004542704
-1.4295630187485695
-0.9026997226966852
-0.9026997226966852
-0.9026997226966852
-1.016471385297425
-0.6488252379015491
-0.6488252379015491
-0.22953973465472338
0.34673727329295106
0.14324238907304698
0.4652650100144608
0.4652650100144608
0.1023968691233289
0.7402901509761076
0.7402901509761076
0.7485094611068556
0.8799832094432043
1.0895387174692472
0.8413841369038292
1.1170813208579013
0.4321933159812942
0.5021727974305228
0.4881294795085956
0.5548795046085728
0.34706519892902665
1.2081049875639884
1.2712445571423678
1.377358121706863
2.0272604257450917
2.0272604257450917
2.2811497018783435
1.9050912058543557
2.2212308099464346
2.2212308099464346
2.2212308099464346
1.6343809443393233
1.6343809443393233
1.6702995669957412
2.0398246233839306
2.0497879850551928
2.2290179475512835
2.3549976347450694
2.1882578758456583
2.08832596390913
2.08832596390913
2.406300125597366
1.9359789079220346
1.1667800128097283
1.4144041179607896
1.0293963571665663
1.0293963571665663
1.0491796893199898
1.0542599115011968
0.825891007876566
1.8562466211923523
1.8667292864991207
1.921930049844647
1.718543634561732
1.8353834583137354
1.0733600651009505
1.3250059945476704
0.9821705419610998
0.8228686617304452
0.8228686617304452
1.4585241596844924
1.8261198737887265
1.7673319283095874
1.9502615913493913
1.007468017264614
0.7843244940674747
0.7843244940674747
0.2294230170558983
0.677968826258095
0.7228451805725666
0.4991081875923241
0.2872163170712221
0.18701939046133909
0.7167580299157678
0.8650461694473475
0.9450296685402747
0.6706752905387792
1.0723658060336934
1.0723658060336934
0.6722530623856788
0.6722530623856788
0.9980334240249719
1.8216288932967037
1.9871194222147692
1.278078778885289
1.3091321005319425
0.7991882132200538
0.7046800224762633
1.3456569424554643
1.5674176079185838
1.214263588727698
1.214263588727698
1.7243632673856244
1.4745317106576112
1.6287958568235263
1.6440083348969137
1.8627558171497234
1.7049012211048808
1.916800488903418
1.444986931192641
1.9787549946989622
1.9787549946989622
2.283628234467133
2.283628234467133
1.8382085003249333
0.9333890292391889
1.428085670531912
0.6755918121439307
1.137349798669742
0.8129910916679391
-0.010838680191363359
-0.010838680191363359
0.7797410657614445
0.7797410657614445
0.5108699920753139
0.9553619184656871
1.1898004178684907
1.1898004178684907
1.2238875616146008
1.2011816983072012
1.8894036024582368
1.8894036024582368
2.35818138830431
2.35818138830431
2.065292569236467
2.230637587094505
2.3785055096565957
1.8053276391629125
1.8057796972823683
1.6316664558493015
1.3597246031692964
1.3597246031692964
1.5041060510788622
2.0018875998956167
1.985594334308785
2.2888904088430357
1.4979934355443505
1.8338408408124391
1.337578196033438
1.3788144165033176
0.9605695266895041
0.3269491089813896
0.6318619804533017
0.42590813148751927
0.3531026873037479
1.0539268074053625
1.0539268074053625
1.0539268074053625
1.1946235085029917
1.0770117368858245
1.0770117368858245
1.9171291234613255
2.214765931794421
2.0103422593013005
1.9301109314456957
1.860775468204992
1.5767797905867718
1.7253652471766996
1.3885370315229921
1.3694617297260137
1.3694617297260137
1.0054244874955147
0.3612781499103894
0.24729829587436403
-0.10183819903568664
-0.10183819903568664
0.5990375815951228
0.9697632754713796
0.8845967141458175
1.7056959749645237
1.640743554463877
1.3880600381454054
1.8231211547240103
1.6114127838827885
1.742395927939647
1.9609363285617194
1.9609363285617194
2.0114309146632894
1.56087802275128
1.7963273837892084
1.6427187977165825
0.8874999169640225
1.216514277836407
0.7899188252287438
0.7763929215592246
0.9840328098850408
1.6207728213491526
1.6207728213491526
2.048743558352522
2.169425460179
2.6102351180738794
2.1346207982662317
1.947115927719028
2.377344061998892
2.377344061998892
2.075808341281478
1.804065076283275
0.9722776615623447
1.398604919352353
1.5873389708673986
1.4868128609514597
0.812631905551047
1.0403496131853704
1.0179281533250781
0.6543574482410448
0.6316167876029801
0.36361806836991833
0.675652231975818
0.8891551522067579
0.9761705843243416
0.8317210102699484
0.4207775164059739
0.3458876689360137
0.028448068322252607
-0.34123672467756994
-0.34123672467756994
-0.2930827909047543
-0.22033016596942145
0.38044701251258073
0.38044701251258073
0.9047617504726689
0.9047617504726689
1.2809802833695385
1.4638068089904686
1.4638068089904686
1.2532978733524376
1.0828681947995753
0.6734817290398909
0.9110935198076621
0.7913171721678084
0.7913171721678084
0.6377732460529617
1.060186313450893
1.3624930258971646
0.8602347988362112
1.1747253936308175
1.2421244860066611
0.8955349915477341
1.2288794885313576
1.1273879546095555
0.9447407581894744
0.8907279237199344
1.5949155305646396
1.910948885144693
1.8178244135093578
1.5432580352143783
1.5432580352143783
1.4925104972593772
2.1007632766703557
1.8925795626559385
1.846675589105995
1.9071731569960055
1.960842917474458
1.5305101634162788
1.1516600559413077
1.6652701654045274
1.1678673323915891
1.1636700501998998
1.611916559838732
1.6377526809811225
1.6776224997902311
1.9105564684340273
2.1353886876436787
2.1353886876436787
1.8711087280598024
1.8711087280598024
1.364159077276239
1.579998968784628
1.2502270108299833
1.329596826674175
1.1043748425182394
1.3118942252100272
0.540670259545322
0.540670259545322
0.540670259545322
0.9390075387958527
0.9527353749750229
1.094681941488605
0.7518401353440313
-0.04309268732733862
0.27431777041543054
0.28633910168309373
0.46387605292161227
0.46387605292161227
1.0070194193799442
1.4817926465531426
1.4817926465531426
1.5904026683753383
1.7816526932448191
1.910064798064099
2.663862220954509
2.748505051307369
1.8365373314860878
2.1009014051081083
1.9910977322880488
2.110583915687468
2.5139056961272055
2.5139056961272055
2.3907671395755346
2.3907671395755346
1.7800042865704684
1.206885392132392
0.5823063485814125
0.538885605811793
0.5503221157178797
0.7652154379876248
1.22257682985386
1.229738413937721
1.8844033978798493
1.8550086020681478
1.488847972666754
1.7947583451388165
1.8351517843131742
1.8351517843131742
2.2063580125079834
2.0717521072423337
2.8715315549110345
2.8715315549110345
2.3237468161966945
2.10967112891526
2.1381633176789663
2.1146165154754337
2.3796159267561374
2.7381824889607356
2.8612069800078497
2.534091461555736
2.2742224171144105
3.0808526666892266
2.6125519903336105
2.7215113763340884
2.5894131732077827
1.637689789233715
1.2575572124063008
1.5282819379957153
1.2491001336670564
1.6442568475269623
0.9621654640681142
0.9621654640681142
1.3791105847456828
1.3791105847456828
1.6310700969372323
1.4378023828131794
1.4378023828131794
1.4065958203511675
1.8498952827905337
1.5102915690330183
1.8168856031892573
1.823529489076868
1.9031503558315053
1.8391126777314328
2.4118025527237608
2.174166698507845
2.3974356145325877
2.3974356145325877
2.238819316540813
2.892941004519147
2.365839248447488
2.5839149684139753
2.5839149684139753
2.4970111451810704
2.4970111451810704
2.520303378467931
2.544918943175535
1.908204500882987
1.8984935495094828
1.7376022204533539
1.6742316133994326
1.852529330077874
1.9705309438272152
1.9641985632820826
1.9641985632820826
1.064282609161228
0.8472519513473767
0.06311329114689679
-0.1739958962406217
0.30483486931271664
0.787160937782234
0.37769371913155836
0.8407419231373431
0.865757173530217
1.2904572893952153
1.602847909659721
1.1718620741126808
1.0232843310624538
1.0803008592170933
1.4525728771178148
1.4525728771178148
1.1490550155354078
1.4408695268711451
1.0548118373127233
1.6020455026507026
1.869047859694676
1.869047859694676
1.869047859694676
2.1016080562879083
2.1016080562879083
2.3672947012978183
2.3672947012978183
2.255680795487494
1.6089372877403063
1.3836995518090764
1.4950432446274007
1.892900410638735
1.8901351454251987
1.9384030464166562
2.0697232459888246
2.281883316525866
2.4759144209993735
2.4914907453438535
2.737261127427593
2.737261127427593
2.6871478351202276
2.6871478351202276
2.723805284237525
3.1216918739395254
3.1953377806368755
3.0757146898004515
2.544621643779421
1.8451808463991017
1.8924236445437281
1.3659056049447416
1.6985595261707342
1.6985595261707342
1.0336878025238376
1.2620868950419668
1.6398524178154696
1.6814391877596895
1.241793671391909
1.0772865097445428
1.0772865097445428
1.2854207978134664
1.4358912148786362
1.2171999869769432
1.3426021230807517
1.3426021230807517
0.5373222131020052
0.5569364453006178
0.5752337813410916
0.09275850618297421
0.5898825392811389
1.0498424930971244
1.0142800000669354
1.059811792269996
1.1901034286657728
1.1205086154490962
0.6702196689789075
0.4595291318647961
1.0281216437709408
0.7627946727180626
0.9593035431401852
0.9593035431401852
1.0463042979908799
1.2447982745844008
1.0405839184207604
1.0405839184207604
1.3529086655014821
0.8354804245488594
0.6605997062153489
0.891653446195901
0.541301097497267
1.1107936227538489
1.1107936227538489
1.0299456584761604
0.7639109523594783
0.5487759473036707
1.1537443557070861
0.4080661099135877
0.6273558366658791
0.6273558366658791
0.47556973700304456
0.654140342261337
0.8444705372400024
1.204957314553349
1.2177860354474206
1.2177860354474206
1.2177860354474206
2.0829202341872692
2.0829202341872692
2.532089186905612
2.7445577569159676
2.700340867404597
1.9460300252211944
1.5676487120847433
0.703452763394127
1.0671188530788127
1.5322715511122518
1.5458965665190803
0.8922716643664406
1.165308845167744
1.0340603342758943
1.2461952889931747
1.552182551312694
1.778099935004151
1.465446553168744
1.1572968261784276
1.2928311794509646
1.0653689702940041
1.0612182792960296
1.0612182792960296
1.63520128617834
1.8112687876235354
1.4762899717378946
1.9247789406250302
2.069703269578026
1.4541653879601086
1.4541653879601086
1.086225628536153
1.544243303589222
1.4693578698803054
1.659877754410126
1.0094343340887388
0.33383926721130264
0.44056075275926837
0.6581445652118861
0.8175898900327754
1.0720238129051696
1.1276177379722168
1.030443681556383
1.030443681556383
1.8785579876403569
1.9454547923394088
1.6121467689971722
0.7378303736919208
1.1056168904692112
1.6300511976389322
2.663482717149184
2.8858582293970128
2.8858582293970128
2.9312763267910458
2.4802364743828478
1.929081127486855
1.5842846339313406
1.9887979202008832
1.9887979202008832
2.362134650221383
1.9917314486501383
1.9917314486501383
1.1298461498247279
1.0055707980980806
1.0055707980980806
1.9216676335314284
1.9216676335314284
1.459070308638762
0.9974034657499797
1.1527295900237604
1.2085369845471796
1.3750814174612631
1.1976110055701579
1.1976110055701579
1.3097067519573802
1.6836630312714906
2.0657765219255486
1.8820656806088083
1.8820656806088083
1.4708945563655296
2.187896664777529
1.8891400975213637
2.1815710623862303
1.9319236423606028
1.9319236423606028
1.0324275170429922
1.0544028326056492
0.9058539014199117
1.1656141553603436
1.1656141553603436
1.8359906833526967
1.9448171627144
1.4456634975055374
1.0560446241497927
1.0560446241497927
1.3256244623321038
1.6737026679845368
1.0813610936553588
1.0813610936553588
0.701221529226038
0.6596760370574776
0.32377921416112887
0.8192860158313524
-0.06753883837154462
-0.06753883837154462
-0.13201281523874248
-0.13201281523874248
-0.06099170366228124
-0.23501473488323704
-0.23501473488323704
-0.1601997666644961
-0.03932346121065616
0.14062465163615687
0.2576529438630323
0.1711489109936885
-0.04806701560245438
0.21044472867460104
0.35380318612740375
-0.14143349925199983
0.19239854703022058
0.9149468253647044
1.251073744467738
0.7128900310767403
0.7128900310767403
0.7128900310767403
0.6470472661891743
0.9027286854695734
0.3498846301041202
0.5841646484978883
0.5841646484978883
0.24406503538256635
-0.16147482391726437
-0.15878271963617588
-0.019060304421632396
0.3064079461161968
0.7592301483959305
0.9159099619703982
1.1562507658979877
1.1562507658979877
0.9898438739009174
0.9475498158080337
1.2871527519811674
1.7758247798944895
1.5957976978499204
1.0225366366183295
1.0225366366183295
0.5462658598417168
0.7506851101716379
1.4032313376729708
0.8236106316487359
0.7972784780187704
1.0216912295272995
1.280665044277663
1.3236588838144232
1.3217845378326365
1.6147554359551064
2.0070097851892794
1.344679230701332
1.0269790722864727
1.1922364563868926
1.3170490628157099
1.5883350716049907
1.519697121088551
1.8547980398509436
1.9966153787299628
1.7278658812472747
1.8913190673234634
1.679620251084343
1.5555537583338286
1.6604699155433964
1.6604699155433964
1.6604699155433964
1.8150954872267937
1.89066579836273
1.4968312336657463
1.8204462178629504
1.8204462178629504
2.0678043850575962
1.906925654161649
1.5114695525114454
1.1916588021760854
0.7127734539292817
0.9383732762558284
1.361261399289602
2.0757332637284827
1.8547553531929182
1.8547553531929182
1.690424908505084
1.555257427328864
1.3266400476947544
2.048205410345161
2.0447730543034304
1.7559841363416346
2.425155723644118
1.9754575718608947
1.7281283685879467
1.601642889856766
1.6647650375110792
1.2793122112141806
1.1969199119108562
1.1969199119108562
1.4887419110218185
2.2402484267971343
2.1274905979911938
1.6548297405853618
1.7009196221271614
1.6184830117096578
1.8092523359000583
1.6419996016966152
1.6231387503581332
1.6231387503581332
1.6231387503581332
1.277204931982118
1.277204931982118
0.7799904850239896
0.8536689248553729
1.527668381978798
1.1464126247617084
1.5020995176493463
1.1975072898121177
1.6121075224119994
0.9550795000319455
0.8342463390279091
1.6024972047256374
1.1434968219921426
1.1434968219921426
1.6950924405589127
1.407833759215744
1.1975732777263475
1.8362578533532539
2.2878080347186436
2.6986081362560532
2.1388884912557082
2.3051641109305656
1.7114385493022994
1.1392693061382357
2.3964518846629166
2.3964518846629166
1.8650377508957359
1.8650377508957359
1.3815122332844516
1.2431369457490509
1.1910058625152076
1.6810152696423906
2.5204620755150873
2.239131860051214
2.239131860051214
2.224057881523711
2.224057881523711
2.9702911791458946
2.8395127200288224
2.9378713495770445
3.2041607871415825
2.4965867976438796
2.403766439535474
2.403766439535474
2.441186072828947
2.441186072828947
2.441186072828947
2.166704617001588
2.358500850139891
1.5988066884978687
1.732298683418515
1.5795158979859332
1.8287141026871392
1.6783969155989755
1.6783969155989755
0.7022687417740907
0.5496275476364827
0.5496275476364827
0.5496275476364827
0.13137996531965246
-0.35638958544471955
-0.35638958544471955
-0.19176334406092108
0.9141136376397511
1.3352997812829632
1.3352997812829632
1.0612420118903865
1.0612420118903865
1.0612420118903865
0.6975447919429361
0.4190671293712232
0.47217429788334675
0.255734967377099
0.7369048996567252
0.9529896661721141
0.642556254571971
0.9148787418946912
0.6502111785019111
0.2767504876655193
0.2736438906062639
-0.30640487417357726
-0.48485997327479174
0.49489137080764994
0.7921849759769996
0.7921849759769996
1.2430863630567206
1.4346593715106901
1.072754869813362
1.3711974295968203
0.8624044331943227
1.4682159782666997
1.7564246836050383
1.5814115711845536
1.7736640592650705
1.8151926282953532
2.0359726038356225
2.300734575305331
1.8420065436481927
1.9526039543184124
1.9175308022240418
1.4902607475900134
0.8876191854436714
0.8876191854436714
0.5837987874939627
1.0460815527555278
0.8803385017466588
1.1865839472526212
1.161415767406174
1.3964873840392693
1.4359231787791533
1.8969098620068605
1.7668226078157554
1.6906984696384046
1.0363679716918988
1.0683032793605431
2.0354309224545095
1.6222940635312344
1.2736508884413367
1.2736508884413367
0.9391905066520845
0.43111456978801166
0.7174586831604568
1.3137321437246028
1.0802988184259898
0.45233068455592573
0.2836200178212549
0.6773050721808919
0.6773050721808919
-0.2548425565582926
-0.2738609975157948
-0.2738609975157948
-0.21965809288583724
-0.018353234602160068
-0.018353234602160068
-0.19104734908805274
0.46740032840751955
-0.0886143455469327
-0.18881362508939042
0.4983497666130427
0.919138805815256
0.919138805815256
1.2292782403042333
1.519666145938787
1.7496438086717716
1.7496438086717716
1.1493084988675601
1.2068133604866296
1.2068133604866296
1.7928015305174712
2.410903178546001
2.2629120012285693
1.3698973972103343
0.8347271504236349
1.1236491869339194
0.9922734335024774
0.8791292696916961
1.2724263154392903
1.0384373999734662
0.8644368838376347
1.6692799805638971
1.990160204863364
1.990160204863364
2.4410522569480366
1.5196950407601406
1.585522425369673
2.2824055211912415
1.891160315071081
1.891160315071081
1.7597202071198743
1.4344660980114434
1.4344660980114434
1.1712521578087967
1.2006768571412505
0.6205071442467621
0.45973919513362416
0.46998284474584756
0.775196397869435
0.6602856496678139
0.6602856496678139
0.9210062578730412
0.9464032886147397
0.9349560470303877
0.9349560470303877
0.8362286274265158
1.1902630376218268
2.059110515170229
1.4857235996792206
2.271779657979281
2.180554320655256
2.065767225753247
1.479772891737776
1.7088360775065883
1.2617057572242787
1.3762868421868932
1.3762868421868932
1.3762868421868932
1.541199350517995
1.1785903639767636
1.1580919206174376
1.1580919206174376
1.1527711594281633
2.0339256216910093
2.233045569087253
2.332372922377598
2.271237569092224
2.5080615217210145
2.5080615217210145
2.591519366342906
2.1746582828358214
2.0472306527208173
1.3246361082866018
2.241130282486824
2.1458539510232963
2.1458539510232963
2.7787765738892194
2.511738063287194
2.447073763474426
2.447073763474426
2.645638740639879
2.086369598005848
1.9216055626291098
1.4752675417386065
1.4752675417386065
2.0586121679276292
2.937121900394755
2.794209098183131
2.6909840459257497
2.6909840459257497
2.9466033615500984
2.206613387145376
2.1695656867026525
2.0507999039984277
1.5870825775485091
1.367044010186028
1.367044010186028
1.529444458872018
1.529444458872018
1.603774252233195
1.731961262432472
1.4366918950784027
1.4663139122526991
1.4021979264328452
1.289966889880732
1.289966889880732
1.469253591821538
0.13191377716118646
0.13191377716118646
-0.3822237922284393
-0.3822237922284393
-0.3229935536826885
0.07570900154855276
-0.37731606917801436
-0.37731606917801436
-0.8579388949095386
-0.8579388949095386
-0.5585473841273318
-0.3026099812993342
0.33360451623472603
-0.331872270390658
0.3047074284480031
0.2228881857722144
0.1927355143822184
0.6423088604508027
0.046762843653346486
-0.15101471442586786
-0.4935518579574213
-0.3340495425161822
-0.446611237457276
-0.03807481138060487
0.09267904170829364
0.09267904170829364
0.36607852364846083
0.06421564182712663
0.6308811130761796
0.6308811130761796
1.524430057178669
1.7701844024838438
1.910720869695871
1.8278787918965742
1.4473815570057331