-7.1
-6.011707736296901
-6.177188656843459
-5.961874075213882
-5.963429372647858
-6.136437721856773
-6.1821815163193286
-6.18250439696683
-6.486489896171861
-6.486489896171861
-6.507225874814082
-7.1265596844861445
-6.774736223488771
-6.562896321530925
-6.292996107554549
-6.641010429895662
-6.641010429895662
-7.156523741238061
-6.996238722173115
-6.996238722173115
-6.780221511583628
-7.116257704453431
-7.170487883287152
-7.097060860297644
-7.384697873645466
-7.5686703871151515
-7.463856859723719
-7.635138072745007
-7.672718856179348
-7.554061294031266
-8.109045921209232
-8.254211049810312
-7.772203623754537
-7.643609485485118
-7.6469163234766855
-7.792911971244333
-8.132899558465569
-8.3775323455104
-8.093408469788768
-8.268272232970453
-7.918862293566826
-7.133053846444077
-7.2142188647129
-7.464009729138636
-8.03926018744112
-8.141126427911766
-7.736988721490221
-7.704975632215978
-7.677504151203277
-8.2906209463201
-8.17984969568944
-8.33386978572894
-8.02869448942932
-8.00963326733592
-7.612754320390172
-7.553950675558144
-7.46886646268322
-7.125950484430932
-6.838328496430009
-7.224789007313804
-6.723518472046727
-6.800041982333694
-7.143506218025192
-7.21113889200794
-7.177014215402297
-7.0570566508997805
-6.339081719076547
-6.339081719076547
-6.422065325052947
-6.3655748959080976
-6.3655748959080976
-6.167513257906812
-6.266273201638035
-6.94469900072048
-7.093600669501231
-7.211694702383605
-7.278443733431281
-7.12715197961323
-6.9822374873574296
-6.9005676215545195
-7.025702294155171
-7.584624555826094
-7.388172501372268
-7.508904042684268
-7.4849940394298455
-7.488376117047367
-7.248593405641221
-7.176940358953978
-6.852697692447086
-6.645845544211907
-6.22050555506664
-6.315531935312826
-6.003477214495506
-6.16117377301523
-5.858667226415507
-5.618000779947528
-5.607095450127253
-6.2451207244498415
-6.054326646956779
-6.485953635325015
-6.645076101304379
-6.645076101304379
-6.847741366415512
-6.847741366415512
-6.298313783994992
-6.273984720808417
-6.815658816279158
-7.256577368255689
-7.282529246381348
-7.571197200312437
-7.109843131633799
-7.697351346108511
-7.903829444419588
-7.454066356701846
-7.454066356701846
-7.411043999681488
-7.565202050001065
-7.4522238792316875
-7.343243364057788
-7.064613219307638
-6.696258335157548
-6.606304432718965
-6.461886696904255
-7.395072043476123
-7.646547115619947
-7.227281195389299
-6.778463080979678
-6.826108879215841
-6.918468450359114
-6.746926800958392
-7.003777888268071
-6.555539024374032
-6.311642303031802
-6.167871023282513
-6.167871023282513
-6.500093517184762
-6.854466898536459
-6.841476633847159
-6.588025688013384
-6.588025688013384
-6.64503505145352
-6.841480819573893
-7.2911414851655945
-7.497191577285884
-7.497191577285884
-7.497191577285884
-7.744612991138714
-7.815745511418877
-8.280606968003385
-8.124684761027064
-8.124684761027064
-7.991066163099348
-7.639522935786439
-7.558210491860759
-7.558210491860759
-7.456041168116751
-7.5815741688085705
-7.2185865247953425
-7.2185865247953425
-7.2185865247953425
-7.49653261005865
-7.49653261005865
-6.721984290950889
-7.022664946582354
-7.302572543691829
-7.154088608797737
-6.768733209602896
-6.950750855497444
-6.472902530400247
-6.493334454672138
-6.837292668532362
-6.7822165516804835
-6.359761603159146
-6.7693966448678
-6.7086977718998275
-6.848707684155484
-6.848707684155484
-7.14934383063679
-7.591751189986828
-7.417034344872338
-7.417710566576919
-7.544667386308111
-7.696347938292932
-7.798584547202305
-7.577428252039062
-6.937558412949755
-7.142804052959969
-6.560126483830507
-6.558796944755291
-7.223485793258996
-6.799026695848389
-7.221376291247806
-7.221376291247806
-7.367338165782828
-7.102623554050194
-7.448167202357677
-7.59260352711854
-7.458602446378175
-7.424615369217004
-7.372530533035628
-6.8186375338203735
-7.304023404180229
-7.304023404180229
-7.135652864898341
-7.015699940611347
-6.59474160558362
-6.481166158892295
-6.481166158892295
-6.481166158892295
-6.283782523633397
-6.285333974373059
-6.537587460600959
-6.477514954121351
-6.496106978929018
-6.317535971094587
-6.6445622794808195
-7.022954053245166
-7.108567076678176
-7.108567076678176
-6.916445180581643
-7.578128379163393
-7.185072233387912
-7.453121492059473
-7.609086933689721
-7.562070469230162
-6.900492753547183
-7.480792130912805
-7.764029736533862
-7.965180003858311
-7.9014584774624765
-7.9014584774624765
-7.878220884799321
-8.270914079891975
-7.804721232471603
-7.10709259256894
-6.83736300158327
-6.795317246481924
-6.46603549998873
-6.535402637036358
-6.311211696567957
-6.619764138759126
-7.1974705480042305
-6.540473023897401
-6.361424182762659
-6.363392734198069
-6.6116078531325355
-6.879030278037514
-6.854455170912191
-6.655337617684261
-6.228191394210608
-6.632684712108557
-6.632684712108557
-6.531973483495045
-6.1617640452505436
-6.3345438073414355
-6.278768095658612
-6.090771771974574
-6.460751887550936
-6.600347119910965
-6.536829166355815
-6.901009694538621
-6.858738212667582
-6.8818496442973185
-6.901207193694831
-7.002147571002911
-6.949819996665057
-7.240763542514892
-7.240763542514892
-7.647883566205344
-7.453810199909588
-7.717751712536974
-7.717751712536974
-7.379455008370408
-7.822083781751081
-8.19892997335865
-7.330720055219643
-7.717859966304203
-7.717859966304203
-8.043404725911804
-8.0729546748509
-7.849752492578927
-7.849752492578927
-7.849752492578927
-7.655287047883101
-7.892809585083621
-7.8541581703158645
-7.457229536765804
-7.190743102734991
-7.124433456995868
-7.133811505358972
-7.02752883168996
-6.915108887229652
-7.255345841096662
-7.439997566225015
-7.18513660730849
-7.229303719288003
-7.175620457964107
-6.953812213576875
-6.921459850421321
-7.178967205468308
-7.155932300870044
-6.954183640543784
-6.283452613925577
-6.2094840810002125
-6.2401826495805715
-6.239479742635846
-5.813612584377373
-5.813612584377373
-5.813612584377373
-5.469774437605133
-5.469774437605133
-5.469774437605133
-5.410588618739069
-5.410588618739069
-5.556810794419212
-5.664085889072922
-5.664085889072922
-5.629476205954674
-5.667951527224588
-5.731330491027708
-5.731330491027708
-5.612041346410353
-5.558560525280188
-5.451420378080819
-6.135973067388139
-6.135973067388139
-6.135973067388139
-6.617804068168345
-6.617804068168345
-7.132031770860788
-6.8814836604635925
-6.539365787874142
-6.170934803518197
-6.39405775859907
-6.4597777907300635
-6.738956862841126
-6.666317755942151
-6.948644683819333
-7.2043437806619615
-7.305348994840729
-7.62286529381934
-7.62286529381934
-7.3110423810297025
-7.1820142893191825
-6.575615497494511
-6.680386071077522
-7.056652950362138
-7.103506900463071
-7.103506900463071
-7.2837785859010165
-7.2837785859010165
-7.333587338168111
-6.67315649531971
-6.8983589464063355
-6.80596994534982
-6.986398914085058
-7.1625177557161495
-7.144577573013737
-7.1776055723045875
-7.376691708791219
-7.250850892677432
-7.779748195787812
-7.833832689304262
-8.127642955100029
-8.127642955100029
-7.503913088719907
-7.946150799206969
-7.483021341230193
-7.3499643324823465
-7.28226535438289
-7.258370237499244
-7.410373814769569
-7.786175598621128
-7.786175598621128
-7.661967616760071
-7.450277706280013
-7.282092971694938
-7.282092971694938
-7.196217060105828
-7.225463558788347
-7.225463558788347
-7.121667334771869
-7.350003015033307
-7.552916114025709
-7.552916114025709
-7.547178301773166
-7.109435347684692
-6.854986190273421
-7.481710226715093
-7.716852693335796
-7.922966620604719
-8.297701888443644
-8.297701888443644
-8.35563161769387
-8.517218457346868
-8.463997638990817
-8.211841812094637
-8.065284951367314
-8.4769430836834
-8.150534525646599
-8.076156584112049
-8.17425458416667
-7.957115554425514
-7.957115554425514
-7.623383179736549
-7.9123469854167245
-8.062912626493883
-8.062912626493883
-8.061523644967973
-8.061523644967973
-7.246692659052275
-7.296965586429605
-7.638062663936624
-7.509861135392608
-7.4964217503810175
-7.503801811508538
-7.907014892256887
-7.9309767661309465
-7.974332474496079
-8.103413879806244
-7.3759983376245435
-6.964663075858604
-6.964663075858604
-7.1123617702833615
-7.294079277401672
-6.907043634807549
-6.967080999150092
-7.336954969615256
-7.116633075016074
-7.300533897118096
-6.898683707643218
-6.92540849841414
-6.459671187735258
-6.459671187735258
-6.524047296111236
-6.412638940148225
-6.72273637195811
-6.732749281284468
-6.732749281284468
-7.319751818286319
-7.6356639986501
-8.16669928401872
-8.16669928401872
-8.16669928401872
-7.482494669450383
-7.482494669450383
-7.6721019505590125
-8.13416082887687
-8.13416082887687
-8.13416082887687
-7.8921263673352255
-7.678046260790772
-7.500247329540114
-7.487769739298092
-7.297520936411395
-7.241813932271691
-7.241813932271691
-7.706560720594211
-7.706560720594211
-7.612137425649046
-7.561113883802466
-7.57507667381897
-7.066854395801895
-6.948573409048213
-6.785171731998523
-6.478930921828387
-6.289419528060093
-6.8261484863051525
-6.198412138307619
-6.198412138307619
-6.595000166699915
-6.535854782531561
-6.655092725061842
-6.780581607896341
-7.270838925139735
-6.9789670241642705
-7.229938594345889
-7.055575510871806
-6.912756910403185
-6.547881914192729
-6.4447145331792575
-7.095391496092572
-6.9503961223947295
-7.72024078034611
-7.541998585068094
-7.384486447110315
-7.426612651507132
-7.070828144939238
-7.314813857298181
-7.708459910098173
-7.7963752509213675
-7.7963752509213675
-8.087037654261541
-7.631869452161056
-7.086696392167447
-7.164306249780735
-6.9913378741677485
-7.247953544884912
-7.247953544884912
-6.809080196507702
-7.197089009988433
-7.197089009988433
-7.136870835564922
-6.989649711064721
-6.8469587342611336
-6.8469587342611336
-6.930957823718685
-6.269155723771449
-6.47225099252755
-6.124915072918312
-6.079953062665763
-6.253344269216346
-6.253344269216346
-6.687490175246079
-6.561978500729795
-6.522693022253513
-6.278477886122528
-6.278477886122528
-6.25765080547978
-6.677928821227782
-6.689080095241512
-6.582494380086339
-6.815263025805137
-6.699480861808989
-6.699480861808989
-6.411528506943168
-6.930739980626493
-7.075896690538612
-7.613811137328886
-7.472955753096058
-7.4549061442873015
-7.459047030878379
-8.04325311659438
-8.034812212380888
-8.0732750696533
-8.0732750696533
-7.753164671766489
-7.141779280158678
-7.141779280158678
-6.8800966752033474
-6.852560589346553
-6.8704057032601
-6.63267128103555
-6.472758247105794
-6.447982387732082
-6.447982387732082
-6.447982387732082
-7.335866994964353
-6.717407642703602
-6.6894378175554206
-6.819074269520263
-6.907465326865382
-6.883013366674227
-6.741836201978137
-6.6660591441648345
-6.973155485099536
-7.010774952054917
-7.010774952054917
-7.450225347762404
-7.116881114388512
-7.2068602870651475
-7.153622907565169
-7.376720965248081
-7.278659735398721
-7.15980586911161
-7.09590764198977
-6.431419110088751
-6.278984381756075
-6.278984381756075
-6.6069044787303515
-6.545355427565438
-6.830656565960956
-6.830656565960956
-6.560756230895141
-6.749059938782351
-7.0972911351225125
-7.194898703944555
-7.6512165390746185
-7.6512165390746185
-7.662656212517891
-7.662656212517891
-7.662870584523038
-7.662870584523038
-7.662870584523038
-7.503385012964415
-7.590192426814987
-7.538104659588098
-7.268208098617438
-7.057481532073017
-7.093749826478815
-7.3655502838438345
-7.283606517064777
-7.49423433422503
-8.156525552072761
-8.156525552072761
-8.156525552072761
-8.31590814132709
-8.006330904352748
-8.006330904352748
-7.555382069334481
-7.41009276957912
-8.042743648829285
-8.259215528252248
-7.82434528179878
-7.441893016124883
-7.11251916351906
-7.555892742990712
-7.173193862930096
-7.173193862930096
-7.412492397947472
-7.535877160682959
-8.12699500899788
-8.002045158540557
-7.744367348880111
-7.83581917293022
-7.3744380595500125
-7.150047677583698
-7.150047677583698
-7.150047677583698
-6.826785752673092
-6.58429749672997
-6.654101367084609
-6.924745353209992
-7.298624281756598
-7.348243495912393
-7.070385790784323
-7.060486474121075
-6.84178342684387
-6.532739373216105
-7.373863106008043
-7.046066071809713
-7.4044695734659784
-7.4044695734659784
-7.550722328323938
-7.385765095862528
-7.214217766236074
-6.408384849517395
-6.408384849517395
-6.561974938000806
-6.663165707791285
-6.602069377208675
-6.94929272036691
-6.963453192560563
-6.938179683099797
-6.494647209392307
-6.494647209392307
-6.503649503537496
-6.87588006991393
-6.5173777097169765
-6.728553627860206
-6.961346070415591
-6.961346070415591
-6.764407808646619
-7.15383885966887
-6.967060565459046
-6.871260480544705
-6.739438567030519
-6.555482735798964
-6.649996965762227
-6.765806512866949
-6.6296550944250665
-6.379717850617507
-6.753485538945247
-6.843249355661252
-6.569741213253101
-6.569741213253101
-6.567209134371244
-6.437448756275201
-5.806553979087884
-5.806553979087884
-6.426900721781196
-6.426900721781196
-6.2333679353251075
-6.363981955321313
-6.03984160683246
-5.633577773026225
-5.633577773026225
-5.578733274076725
-5.578733274076725
-5.578733274076725
-5.494184519595218
-6.081836338824423
-5.318152741798979
-6.029302609906735
-6.029302609906735
-6.1426421978221315
-6.1426421978221315
-6.461930082850333
-6.616828157178134
-7.157928230955762
-7.588065281160288
-7.660069904831401
-7.6790910425843295
-7.6790910425843295
-7.931973423703393
-7.97086053246547
-7.97086053246547
-7.715909333742918
-7.0425179582806035
-7.618399476303369
-6.802963935492731
-6.835890276426364
-6.627968300589169
-6.844468487581446
-7.380642890531886
-7.567514172980367
-7.267186040063566
-7.587262097284639
-7.587262097284639
-7.617104466060676
-7.74573638584304
-7.74573638584304
-7.513126929163738
-7.453840037427965
-7.889856936846016
-8.101766098010593
-8.101766098010593
-8.243192446335641
-7.920984603117685
-7.920984603117685
-7.622912290369671
-7.714830615473035
-7.714830615473035
-7.43297504609774
-6.959284726729344
-6.80996314357942
-6.717603253718697
-6.4982727468975625
-6.348653354426073
-6.348653354426073
-6.55253336525889
-6.453974270403143
-6.504120047296649
-6.281962547962926
-6.638902471193495
-6.638902471193495
-7.00830406646113
-6.9094015578848795
-7.090126948096662
-7.376095351048668
-7.45821635220469
-6.924273670572906
-6.83467816032683
-7.308070103396193
-7.425353244730471
-6.936988352909911
-6.9657291015554
-7.060478290202923
-7.1537889293024675
-7.170473952374281
-6.547366967839848
-6.665983342223278
-6.665983342223278
-6.781417261951868
-7.251123925219747
-7.063532758724361
-7.063532758724361
-6.884416232877033
-6.884416232877033
-6.884416232877033
-7.471953401931363
-7.31558466421608
-7.356963104005054
-7.271990722391564
-7.441886315511406
-7.126170560106842
-7.253357850089298
-7.6803090682800566
-8.149706756450243
-8.405363805248726
-8.405363805248726
-8.962399829561264
-8.955762307449309
-8.8065588209987
-8.367574741374199
-8.147514675369433
-8.147514675369433
-8.275016181883986
-8.079071855930847
-7.737683945425361
-7.378930988228713
-7.454769657185127
-7.857680758683137
-7.857680758683137
-7.857680758683137
-7.749026149942093
-7.4603406070102425
-7.4603406070102425
-7.669867898174235
-7.669867898174235
-7.669867898174235
-8.082638187496249
-8.184067177365062
-8.94189229612587
-8.94189229612587
-8.646249188762269
-8.127075694499558
-8.390707228056534
-8.345639826716042
-8.04345023893153
-7.89407979535147
-7.751198126986155
-7.807017176380029
-7.807017176380029
-8.020088138768896
-8.155738534839747
-8.155738534839747
-8.155738534839747
-7.6130295018766105
-7.2025436646552885
-7.052198194747195
-6.960226009504457
-7.530468671741394
-7.749329901155205
-7.1783306654504395
-7.726969980512228
-7.726969980512228
-7.737489284368148
-7.98429939314516
-7.783941398522433
-7.375346134312868
-6.8403163990269125
-6.763643734455629
-6.543278484459396
-6.442019623483877
-6.5947274282041946
-6.993403055770335
-7.35527399691954
-7.745079602885479
-8.11764710613797
-7.4709760894635755
-7.8077716752709785
-7.724861989647641
-8.067716522840914
-8.31708337682246
-8.402027838102047
-8.402027838102047
-8.32284859100213
-8.32284859100213
-8.14964927917681
-7.745694608633315
-7.951510943359839
-8.04443552803824
-8.04443552803824
-7.942042263692018
-7.948555000532141
-8.068361984766673
-8.452934032739126
-8.360698603313432
-7.999684575747977
-7.850102508911295
-7.725662095480949
-7.551878629454183
-7.8208424132144705
-7.8208424132144705
-7.290035996022516
-7.084440312626288
-7.02522180414024
-7.078023349779802
-7.459297399090907
-7.3638891231377475
-8.197391494890146
-8.197391494890146
-7.7636206790364
-7.12202878438102
-7.077337123371274
-7.236861365338361
-6.8227801659245655
-6.8227801659245655
-6.9305565626462835
-6.749874086301868
-6.37065294799832
-6.385007864809327
-6.435456627184809
-7.380363599862896
-7.4169309468187565
-7.462919965050909
-7.781829690459647
-7.781829690459647
-7.81383894230352
-7.594099920292016
-7.594099920292016
-7.212586662124812
-7.41750622171537
-7.966026585511475
-8.13289329766758
-8.070901610452536
-7.954532671552186
-7.724418771271426
-8.058995465375055
-8.058995465375055
-8.058995465375055
-8.058995465375055
-8.087347636830659
-8.087347636830659
-8.019497997981071
-8.019497997981071
-7.849226289945439
-8.350019191515194
-8.418752270793684
-8.418752270793684
-8.338665445583805
-7.877254591632704
-8.053225004569432
-7.796745831917559
-7.796745831917559
-7.920816596957627
-7.677048570094353
-7.538187998078239
-7.538187998078239
-7.538187998078239
-7.538187998078239
-7.481625368614527
-7.413964032668205
-7.537832734198735
-7.757964203876347
-7.757964203876347
-7.354111857205809
-7.215182042068558
-7.278010652454584
-6.917460818922388
-7.071980843235035
-7.118247979397722
-6.545807807438072
-6.865700579850728
-7.026534229234776
-7.407810784609092
-7.4789192717446555
-7.577665398887826
-7.718384839979093
-7.631710008967256
-7.381087201273145
-7.026192789901927
-7.37579756895475
-7.168773878241443
-7.059634696446113
-6.736240332634905
-6.987910132092593
-6.824841495388067
-6.634513045951941
-6.812667128378319
-6.736325495664581
-6.736325495664581
-6.774358892503595
-6.159322626026596
-6.611604071405661
-6.704463425365641
-6.739333535448036
-6.739333535448036
-7.363176240179772
-7.7313332229867875
-7.761304067300549
-7.761304067300549
-7.654288191058957
-7.642318883597782
-7.876224618809479
-7.986361194745174
-8.080163915173861
-8.20434093711771
-7.9694981068403745
-7.9694981068403745
-7.9694981068403745
-7.9694981068403745
-7.9694981068403745
-7.990046857561518
-8.078890028608127
-7.9592361602596
-7.9592361602596
-7.994168597623087
-7.9015492476599745
-7.9015492476599745
-7.866212125581958
-7.993089822040183
-9.02600951897467
-9.02600951897467
-9.219411452579127
-9.361368520923635
-9.361368520923635
-8.92844305628853
-8.88242298816318
-8.773504668522948
-8.773504668522948
-8.85480857147174
-8.906692088547379
-8.4989173929015
-8.068493247101193
-7.612752666855386
-7.7535154735222305
-7.280891578891772
-6.964562302737184
-6.691236578945487
-7.223995825187889
-7.324992829417427
-6.823420603091926
-6.799267799055765
-6.799267799055765
-6.609279497803191
-6.689158289674476
-6.327952108844122
-6.940236377467265